2  1 1.0307 inf 
2  1 1.03695 inf 
2  1 1.04832 inf 
2  1 1.05075 inf 
2  1 1.05919 inf 
2  1 1.06068 inf 
2  1 1.06853 inf 
2  1 1.07362 inf 
2  1 1.07578 inf 
2  1 1.07609 inf 
2  1 1.08004 inf 
2  1 1.08036 inf 
2  1 1.0854 inf 
2  1 1.08642 inf 
2  1 1.08794 inf 
2  1 1.0894 inf 
2  1 1.09013 inf 
2  1 1.0942 inf 
2  1 1.09485 inf 
2  1 1.09655 inf 
2  1 1.10207 inf 
2  1 1.10687 inf 
2  1 1.10741 inf 
2  1 1.10974 inf 
2  1 1.11243 inf 
2  1 1.11918 inf 
2  1 1.1205 inf 
2  1 1.12493 inf 
2  1 1.1287 inf 
2  1 1.14455 inf 
2  1 1.14791 inf 
2  1 1.1549 inf 
2  1 1.15495 inf 
2  1 1.11228 inf 
2  1 1.16569 inf 
2  1 1.16702 inf 
2  1 1.1798 inf 
2  1 1.1798 inf 
2  1 1.18966 inf 
2  1 1.19027 inf 
2  1 1.19239 inf 
2  1 1.1948 inf 
2  1 1.20053 inf 
2  1 1.20555 inf 
2  1 1.2154 inf 
2  1 1.21685 inf 
2  1 1.24643 inf 
2  1 1.2478 inf 
2  1 1.25187 inf 
2  1 1.27439 inf 
2  1 1.2784 inf 
2  1 1.28285 inf 
2  1 1.29075 inf 
2  1 1.29183 inf 
2  1 1.2933 inf 
2  1 1.29967 inf 
2  1 1.30175 inf 
2  1 1.30226 inf 
2  1 1.31361 inf 
2  1 1.3149 inf 
2  1 1.3151 inf 
2  1 1.3202 inf 
2  1 1.32261 inf 
2  1 1.3243 inf 
2  1 1.32607 inf 
2  1 1.34436 inf 
2  1 1.34478 inf 
2  1 1.34513 inf 
2  1 1.34986 inf 
2  1 1.3599 inf 
2  1 1.36073 inf 
2  1 1.37362 inf 
2  1 1.37388 inf 
2  1 1.3759 inf 
2  1 1.39516 inf 
2  1 1.39637 inf 
2  1 1.39743 inf 
2  1 1.39906 inf 
2  1 1.40099 inf 
2  1 1.40113 inf 
2  1 1.40318 inf 
2  1 1.40481 inf 
2  1 1.40716 inf 
2  1 1.41227 inf 
2  1 1.41664 inf 
2  1 1.41844 inf 
2  1 1.41998 inf 
2  1 1.42152 inf 
2  1 1.42244 inf 
2  1 1.4249 inf 
2  1 1.42608 inf 
2  1 1.42651 inf 
2  1 1.4499 inf 
2  1 1.4499 inf 
2  1 1.4734 inf 
2  1 1.477 inf 
2  1 1.4793 inf 
2  1 1.48511 inf 
2  1 1.49449 inf 
2  1 1.5102 inf 
2  1 1.51777 inf 
2  0 0 inf 
2  1 1.5394 inf 
2  1 1.5399 inf 
2  1 1.5412 inf 
2  1 1.5518 inf 
2  1 1.56785 inf 
2  1 1.57943 inf 
2  1 1.58232 inf 
2  1 1.58654 inf 
2  1 1.60291 inf 
2  1 1.62271 inf 
2  1 1.6298 inf 
2  1 1.63013 inf 
2  1 1.6684 inf 
2  1 1.7199 inf 
2  1 1.72628 inf 
2  1 1.74354 inf 
2  1 1.80568 inf 
2  1 1.8399 inf 
2  1 1.85325 inf 
2  1 1.8731 inf 
2  1 1.88222 inf 
2  1 1.89687 inf 
2  1 1.8999 inf 
2  1 1.9719 inf 
2  0 0 inf 
2  0 0 inf 
2  0 0 inf 
2  0 0 inf 
2  0 0 inf 
2  0 0 inf 
2  0 0 inf 
2  0 0 inf 
2  1 1.42671 inf 
2  0 0 inf 
2  0 0 inf 
2  0 0 inf 
2  0 0 inf 
2  1 1.01746 inf 
2  1 1.02116 inf 
2  1 1.02125 inf 
2  1 1.02616 inf 
2  0 0 1.76061 
2  0 0 1.64139 
2  0 0 1.6159 
2  0 0 1.585 
2  0 0 1.56498 
2  0 0 1.5483 
2  0 0 1.54181 
2  0 0 1.5399 
2  0 0 1.46768 
2  0 0 1.4196 
2  0 0 1.41808 
2  0 0 1.40933 
2  0 0 1.39896 
2  0 0 1.3952 
2  0 0 1.38473 
2  0 0 1.36039 
2  0 0 1.34651 
2  0 0 1.3285 
2  0 0 1.32764 
2  0 0 1.3165 
2  0 0 1.31278 
2  0 0 1.30226 
2  0 0 1.29082 
2  0 0 1.2799 
2  0 0 1.2761 
2  0 0 1.2699 
2  0 0 1.2699 
2  0 0 1.26479 
2  0 0 1.2604 
2  0 0 1.257 
2  0 0 1.2444 
2  0 0 1.2279 
2  0 0 1.2263 
2  0 0 1.2034 
2  0 0 1.1934 
2  0 0 1.18803 
2  0 0 1.18698 
2  0 0 1.18486 
2  0 0 1.1828 
2  0 0 1.1798 
2  0 0 1.17315 
2  0 0 1.17003 
2  0 0 1.1634 
2  0 0 1.16315 
2  0 0 1.16265 
2  0 0 1.14806 
2  0 0 1.14694 
2  0 0 1.14325 
2  0 0 1.13973 
2  0 0 1.1393 
2  0 0 1.13599 
2  0 0 1.1336 
2  0 0 1.11741 
2  0 0 1.11457 
2  0 0 1.11292 
2  0 0 1.10583 
2  0 0 1.10252 
2  0 0 1.0979 
2  0 0 1.09754 
2  0 0 1.09266 
2  0 0 1.09085 
2  0 0 1.08956 
2  0 0 1.08938 
2  0 0 1.08595 
2  0 0 1.0859 
2  0 0 1.08581 
2  0 0 1.08099 
2  0 0 1.07916 
2  0 0 1.07624 
2  0 0 1.0742 
2  0 0 1.0737 
2  0 0 1.0678 
2  0 0 1.06545 
2  0 0 1.06504 
2  0 0 1.06476 
2  0 0 1.04916 
2  0 0 1.04703 
2  0 0 1.04682 
2  0 0 1.0449 
2  0 0 1.04483 
2  0 0 1.04426 
2  0 0 1.04422 
2  0 0 1.0402 
2  0 0 1.03957 
2  0 0 1.03695 
2  0 0 1.0355 
2  0 0 1.03418 
2  0 0 1.03398 
2  0 0 1.033 
2  0 0 1.03273 
2  0 0 1.0315 
2  0 0 1.0231 
2  0 0 1.0207 
2  0 0 1.01901 
2  0 0 1.0179 
2  0 0 1.01774 
2  0 0 1.01763 
2  0 0 1.01692 
2  0 0 1.0157 
2  0 0 1.01353 
2  0 0 1.01337 
2  0 0 1.01158 
2  0 0 1.01109 
2  0 0 1.00975 
2  0 0 1.00947 
2  0 0 1.0089 
2  0 0 1.0089 
2  0 0 1.0089 
2  0 0 1.0079 
2  0 0 1.0071 
2  0 0 1.0031 
2  0 0 1.0025 
2  0 0 1.0017 
2  0 0 1.0017 
2  0 0 1.0017 
2  0 0 1.0015 
2  0 0 1.0002 
2  0 0 1.0001 
2  0 0 1.0001 
2  0 0 1.0001 
2  1 1.13977 1.44339 
2  1 1.06699 1.24565 
2  1 1.1343 1.16298 
2  1 1.35321 1.37186 
2  1 1.40367 1.41716 
2  1 1.26299 1.27488 
