2  0 0 inf 
2  0 0 inf 
2  0 0 inf 
2  0 0 inf 
2  0 0 inf 
2  0 0 inf 
2  0 0 inf 
2  0 0 inf 
2  0 0 inf 
2  0 0 inf 
2  0 0 inf 
2  0 0 3.78215 
2  0 0 3.7 
2  0 0 3.18173 
2  0 0 2.9504 
2  0 0 2.8966 
2  0 0 2.6922 
2  0 0 2.35389 
2  0 0 2.0358 
2  0 0 1.9476 
2  0 0 1.91763 
2  0 0 1.90545 
2  0 0 1.9 
2  0 0 1.76061 
2  0 0 1.72176 
2  0 0 1.64139 
2  0 0 1.6159 
2  0 0 1.585 
2  0 0 1.56498 
2  0 0 1.5483 
2  0 0 1.54181 
2  0 0 1.5399 
2  0 0 1.51968 
2  0 0 1.46768 
2  0 0 1.4196 
2  0 0 1.41808 
2  0 0 1.40933 
2  0 0 1.39896 
2  0 0 1.3952 
2  0 0 1.38473 
2  0 0 1.36039 
2  0 0 1.34651 
2  0 0 1.33911 
2  0 0 1.3359 
2  0 0 1.3285 
2  0 0 1.32793 
2  0 0 1.32764 
2  0 0 1.3165 
2  0 0 1.31278 
2  0 0 1.30226 
2  0 0 1.29082 
2  0 0 1.2799 
2  0 0 1.2761 
2  0 0 1.2699 
2  0 0 1.2699 
2  0 0 1.26733 
2  0 0 1.26479 
2  0 0 1.2621 
2  0 0 1.2604 
2  0 0 1.257 
2  0 0 1.2444 
2  0 0 1.2279 
2  0 0 1.2263 
2  0 0 1.2247 
2  0 0 1.2221 
2  0 0 1.21113 
2  0 0 1.20506 
2  0 0 1.2034 
2  0 0 1.20162 
2  0 0 1.1934 
2  0 0 1.18803 
2  0 0 1.18698 
2  0 0 1.1852 
2  0 0 1.18486 
2  0 0 1.18394 
2  0 0 1.1828 
2  0 0 1.1798 
2  0 0 1.17315 
2  0 0 1.17003 
2  0 0 1.16779 
2  0 0 1.16429 
2  0 0 1.1634 
2  1 1.39637 2.55977 
2  0 0 1.16315 
2  0 0 1.16265 
2  0 0 1.14827 
2  0 0 1.14806 
2  0 0 1.14694 
2  0 0 1.1441 
2  0 0 1.14325 
2  0 0 1.14325 
2  0 0 1.14234 
2  0 0 1.13973 
2  0 0 1.1393 
2  0 0 1.13599 
2  0 0 1.1349 
2  0 0 1.13485 
2  0 0 1.1336 
2  0 0 1.13328 
2  0 0 1.13221 
2  0 0 1.11741 
2  0 0 1.11457 
2  0 0 1.11292 
2  0 0 1.10583 
2  0 0 1.10252 
2  0 0 1.10074 
2  0 0 1.09993 
2  0 0 1.0979 
2  0 0 1.09754 
2  0 0 1.0972 
2  0 0 1.09266 
2  0 0 1.09085 
2  0 0 1.08956 
2  0 0 1.08938 
2  0 0 1.08914 
2  0 0 1.08595 
2  0 0 1.0859 
2  0 0 1.08581 
2  0 0 1.08099 
2  1 1.14953 2.23011 
2  0 0 1.07916 
2  0 0 1.07624 
2  0 0 1.07478 
2  0 0 1.0742 
2  0 0 1.0737 
2  0 0 1.07323 
2  0 0 1.06993 
2  0 0 1.0678 
2  0 0 1.06681 
2  0 0 1.06545 
2  0 0 1.06504 
2  0 0 1.06479 
2  0 0 1.06476 
2  0 0 1.06291 
2  0 0 1.0571 
2  0 0 1.0567 
2  1 1.7178 2.77234 
2  0 0 1.0525 
2  0 0 1.04916 
2  0 0 1.04682 
2  0 0 1.0451 
2  0 0 1.0449 
2  0 0 1.04483 
2  0 0 1.0447 
2  0 0 1.04426 
2  0 0 1.04422 
2  0 0 1.04315 
2  0 0 1.04125 
2  0 0 1.04123 
2  0 0 1.0402 
2  0 0 1.03957 
2  0 0 1.0375 
2  0 0 1.03695 
2  0 0 1.0359 
2  0 0 1.0355 
2  0 0 1.0342 
2  0 0 1.03418 
2  0 0 1.03398 
2  1 1.72628 2.75928 
2  0 0 1.033 
2  0 0 1.03273 
2  1 1.63 2.66272 
2  1 1.5102 2.5428 
2  0 0 1.0315 
2  0 0 1.0306 
2  0 0 1.0269 
2  1 1.3202 2.34485 
2  0 0 1.0236 
2  0 0 1.0231 
2  0 0 1.0212 
2  0 0 1.0198 
2  0 0 1.01901 
2  1 1.07362 2.09152 
2  0 0 1.0179 
2  0 0 1.01774 
2  0 0 1.01763 
2  0 0 1.01692 
2  0 0 1.0169 
2  0 0 1.0157 
2  1 1.24643 2.26133 
2  1 1.0207 2.0352 
2  0 0 1.01353 
2  0 0 1.01337 
2  0 0 1.01158 
2  0 0 1.01109 
2  0 0 1.00975 
2  0 0 1.00947 
2  0 0 1.009 
2  1 1.03695 2.04585 
2  0 0 1.0089 
2  0 0 1.0089 
2  0 0 1.0089 
2  0 0 1.0079 
2  0 0 1.0071 
2  0 0 1.004 
2  0 0 1.0031 
2  0 0 1.0025 
2  0 0 1.0017 
2  0 0 1.0017 
2  0 0 1.0017 
2  1 1.0854 2.0871 
2  0 0 1.0015 
2  0 0 1.0009 
2  0 0 1.0002 
2  0 0 1.0001 
2  0 0 1.0001 
2  0 0 1.0001 
2  0 0 1.0001 
2  0 0 1.0001 
2  1 1.04703 2.044 
2  1 1.02116 2.01737 
2  1 1.02125 2.01737 
2  1 1.056 2.05105 
2  1 1.0242 2.01737 
2  1 1.06715 2.0588 
2  1 1.02825 2.01737 
2  1 1.02464 2.01375 
2  1 1.01746 2.0056 
2  1 1.02616 2.01375 
2  1 1.0307 2.01168 
2  1 1.04832 2.02855 
2  1 1.05919 2.03316 
2  1 1.06068 2.03333 
2  1 1.18396 2.15343 
2  1 1.05075 2.01737 
2  1 1.0539 2.0204 
2  1 1.08004 2.044 
2  1 1.08642 2.044 
2  1 1.07578 2.03333 
2  1 1.0894 2.044 
2  1 1.066 2.0204 
2  1 1.08036 2.03316 
2  1 1.06853 2.02057 
2  1 1.08794 2.03333 
2  1 1.09013 2.03316 
2  1 1.09417 2.03509 
2  1 1.07609 2.01408 
2  1 1.10741 2.044 
2  1 1.08522 2.0204 
2  1 1.09655 2.02855 
2  1 1.1054 2.03099 
2  1 1.09485 2.0204 
2  1 1.10974 2.03333 
2  1 1.31361 2.2372 
2  1 1.09727 2.01942 
2  1 1.11228 2.03316 
2  1 1.10207 2.0204 
2  1 1.1038 2.0204 
2  1 1.10687 2.0204 
2  1 1.1054 2.01408 
2  1 1.0942 2.0018 
2  1 1.1421 2.04308 
2  1 1.1205 2.0204 
2  1 1.25187 2.14708 
2  1 1.11918 2.01408 
2  1 1.13123 2.02484 
2  1 1.15495 2.04527 
2  1 1.14455 2.03483 
2  1 1.11243 2.0026 
2  1 1.1287 2.01408 
2  1 1.14791 2.02855 
2  1 1.12493 2.0026 
2  1 1.1549 2.02855 
2  1 1.16569 2.0204 
2  1 1.8086 2.66272 
2  1 1.1798 2.03333 
2  1 1.16702 2.0204 
2  1 1.1798 2.03316 
2  1 1.15196 2.0026 
2  1 1.1948 2.03509 
2  1 1.18966 2.02855 
2  1 1.40481 2.2372 
2  1 1.20053 2.02855 
2  1 1.19027 2.01408 
2  1 1.20555 2.02855 
2  1 1.22802 2.05025 
2  1 1.19239 2.01408 
2  1 1.20862 2.02653 
2  1 1.21685 2.02855 
2  1 1.23732 2.044 
2  1 1.2478 2.0419 
2  1 1.2154 2.0026 
2  1 1.23755 2.0246 
2  1 1.2443 2.02243 
2  1 1.228 2.0056 
2  1 1.26897 2.0419 
2  1 1.2784 2.04308 
2  1 1.6684 2.42519 
2  1 1.27439 2.02855 
2  1 1.2933 2.04308 
2  1 1.28285 2.02243 
2  1 1.3149 2.04308 
2  1 1.3178 2.044 
2  1 1.29075 2.01259 
2  1 1.29183 2.0104 
2  1 1.30226 2.01999 
2  1 1.3243 2.0419 
2  1 1.30175 2.0104 
2  1 1.29967 2.0032 
2  1 1.5399 2.2372 
2  1 1.32261 2.01942 
2  1 1.33415 2.02855 
2  1 1.32607 2.0204 
2  1 1.34478 2.03568 
2  1 1.3151 2.0056 
2  1 1.34513 2.03099 
2  1 1.3599 2.0419 
2  1 1.34436 2.015 
2  1 1.56785 2.2372 
2  1 1.51777 2.18424 
2  1 1.3674 2.02855 
2  1 1.49449 2.15127 
2  1 1.37388 2.02855 
2  1 1.36073 2.01503 
2  1 1.34986 2.0026 
2  1 1.3759 2.02243 
2  1 1.55316 2.19629 
2  1 1.37362 2.01408 
2  1 1.39516 2.0345 
2  1 1.40099 2.0345 
2  1 1.40318 2.03568 
2  1 1.41844 2.04771 
2  1 1.4225 2.05164 
2  1 1.40113 2.02923 
2  1 1.477 2.10496 
2  1 1.42244 2.04988 
2  1 1.41998 2.04653 
2  1 1.38821 2.01408 
2  1 1.39743 2.01913 
2  1 1.39812 2.01837 
2  1 1.41227 2.03117 
2  1 1.39906 2.01503 
2  1 1.41664 2.03099 
2  1 1.40716 2.0204 
2  1 1.42651 2.03099 
2  1 1.416 2.0204 
2  1 1.4249 2.02923 
2  1 1.42671 2.03099 
2  1 1.42152 2.0104 
2  1 1.4499 2.03568 
2  1 1.42608 2.0104 
2  1 1.4499 2.02243 
2  1 1.4793 2.044 
2  1 1.4734 2.01999 
2  1 1.48511 2.02855 
2  1 1.5394 2.0487 
2  1 1.5518 2.044 
2  1 1.5412 2.03117 
2  1 2.1249 2.60725 
2  1 1.57943 2.044 
2  1 1.5687 2.02855 
2  1 1.58232 2.03333 
2  1 1.58654 2.03316 
2  1 1.8999 2.3363 
2  1 2.00722 2.42259 
2  1 1.6298 2.044 
2  1 1.60291 2.01259 
2  1 1.63235 2.03333 
2  1 1.63013 2.01408 
2  1 1.62271 2.0056 
2  1 1.69878 2.0204 
2  1 1.71997 2.03316 
2  1 1.13977 1.44339 
2  1 2.2204 2.5118 
2  1 1.7199 2.0104 
2  1 1.74354 2.03099 
2  1 1.80568 2.04653 
2  1 1.06699 1.24565 
2  1 1.8399 2.0104 
2  1 2.1634 2.32754 
2  2 2.06709 2.22822 
2  1 1.85325 2.01408 
2  1 1.8731 2.02694 
2  2 2.66272 2.81396 
2  1 1.89687 2.03316 
2  1 1.88222 2.0056 
2  1 1.8999 2.0056 
2  1 1.92681 2.02855 
2  1 1.93436 2.02855 
2  2 2.10912 2.16847 
2  2 2.55977 2.61825 
2  1 1.9719 2.02923 
2  2 2.38617 2.43941 
2  1 2.437 2.48858 
2  1 1.1343 1.16298 
2  1 1.35321 1.37186 
2  2 2.12523 2.14216 
2  1 1.40367 1.41716 
2  1 1.26299 1.27488 
2  2 2.04771 2.05164 
