2  0 0 inf 
2  0 0 0.99654 
2  0 0 0.99268 
2  0 0 0.9871 
2  0 0 0.98653 
2  0 0 0.97715 
2  0 0 0.96275 
2  0 0 0.96141 
2  0 0 0.96126 
2  0 0 0.95807 
2  0 0 0.95281 
2  0 0 0.94827 
2  0 0 0.94663 
2  0 0 0.9464 
2  0 0 0.94331 
2  0 0 0.93313 
2  0 0 0.93189 
2  0 0 0.93175 
2  0 0 0.9298 
2  0 0 0.92419 
2  0 0 0.9217 
2  0 0 0.92164 
2  0 0 0.91942 
2  0 0 0.91476 
2  0 0 0.90539 
2  0 0 0.90096 
2  0 0 0.89608 
2  0 0 0.88663 
2  0 0 0.86838 
2  0 0 0.86675 
2  0 0 0.85664 
2  0 0 0.84634 
2  0 0 0.80963 
2  0 0 0.8076 
2  0 0 0.79847 
2  0 0 0.79729 
2  0 0 0.79175 
2  0 0 0.75763 
2  0 0 0.72044 
2  0 0 0.687 
2  0 0 0.6825 
2  0 0 0.66785 
2  0 0 0.64716 
2  0 0 0.64431 
2  0 0 0.62772 
2  0 0 0.6079 
2  0 0 0.57365 
2  0 0 0.56597 
2  0 0 0.5649 
2  0 0 0.54193 
2  0 0 0.4166 
2  1 0.8284 1.22893 
2  0 0 0.3571 
2  1 0.9567 1.29557 
2  1 0.83573 1.16965 
2  1 0.87083 1.18624 
2  1 0.9978 1.29557 
2  0 0 0.295 
2  0 0 0.2612 
2  1 0.93144 1.18909 
2  0 0 0.20586 
2  1 0.91563 1.11989 
2  1 0.96385 1.16002 
2  1 0.97373 1.15846 
2  1 0.82644 1 
2  1 0.96685 1.1079 
2  1 0.93592 1.07424 
2  1 0.90957 0.99761 
2  1 0.91269 1 
2  1 0.93238 1 
2  1 0.85875 0.9238 
2  1 0.93522 1 
2  1 0.93565 0.9982 
2  1 0.94795 0.9982 
2  1 0.95107 1 
2  1 0.95047 0.9982 
2  1 0.9526 1 
2  1 0.9583 1 
2  1 0.96101 0.9982 
2  1 0.96106 0.9982 
2  1 0.96399 1 
2  1 0.96574 1 
2  1 0.96876 1 
2  1 0.97196 1 
2  1 0.97231 1 
2  1 0.97173 0.9982 
2  1 0.97439 1 
2  1 0.97774 1 
2  1 0.97825 1 
2  1 0.981 1 
2  1 0.9811 0.9982 
2  1 0.9922 1 
2  1 0.99046 0.9982 
2  1 0.8944 0.90202 
2  1 0.96336 0.97035 
2  1 0.95885 0.9611 
