2  0 0 inf 
2  0 0 0.99665 
2  0 0 0.9958 
2  0 0 0.99322 
2  0 0 0.9815 
2  0 0 0.9781 
2  0 0 0.97564 
2  0 0 0.97206 
2  1 0.99774 1.9698 
2  0 0 0.9587 
2  0 0 0.9407 
2  0 0 0.93313 
2  0 0 0.92687 
2  0 0 0.9214 
2  0 0 0.91942 
2  0 0 0.9154 
2  0 0 0.90257 
2  0 0 0.87083 
2  0 0 0.8648 
2  0 0 0.85664 
2  0 0 0.8475 
2  0 0 0.84543 
2  0 0 0.83768 
2  0 0 0.83573 
2  0 0 0.8224 
2  0 0 0.81371 
2  0 0 0.81195 
2  0 0 0.72264 
2  1 0.9583 1.67675 
2  1 0.92612 1.63435 
2  1 0.9964 1.70074 
2  1 0.94325 1.63435 
2  1 0.9446 1.63435 
2  1 0.9994 1.67675 
2  0 0 0.64716 
2  1 0.9301 1.56658 
2  1 0.9982 1.63435 
2  1 0.93925 1.56658 
2  1 0.92309 1.54974 
2  1 0.92654 1.54974 
2  1 0.92703 1.54974 
2  1 0.9935 1.6005 
2  1 0.9603 1.56658 
2  1 0.99733 1.59996 
2  1 0.99654 1.59446 
2  1 0.92541 1.51196 
2  1 0.926 1.51196 
2  1 0.93292 1.51196 
2  1 0.9311 1.5038 
2  1 0.9528 1.5038 
2  1 0.95333 1.5038 
2  0 0 0.54193 
2  1 0.94384 1.46134 
2  1 0.98245 1.46879 
2  1 0.98306 1.46879 
2  1 0.98732 1.46879 
2  1 0.9938 1.46879 
2  1 0.9939 1.46879 
2  1 0.9997 1.46879 
2  1 1 1.46879 
2  1 0.93592 1.37765 
2  1 0.93643 1.37765 
2  1 0.9567 1.37765 
2  1 0.9978 1.37765 
2  1 0.94795 1.18909 
2  1 0.97299 1.18909 
2  1 0.93563 0.9997 
2  1 0.9473 0.9997 
2  1 0.9628 0.9997 
2  1 0.8944 0.9238 
2  2 1.64963 1.66008 
2  2 1.64963 1.66008 
2  2 1.64963 1.66008 
2  2 1.64963 1.66008 
2  1 0.9175 0.9238 
