2  0 0 inf 
2  0 0 0.99 
2  0 0 0.98796 
2  0 0 0.9653 
2  0 0 0.94384 
2  0 0 0.9217 
2  0 0 0.91942 
2  0 0 0.90257 
2  0 0 0.89504 
2  0 0 0.88822 
2  0 0 0.88106 
2  0 0 0.87558 
2  0 0 0.87083 
2  0 0 0.8678 
2  0 0 0.8648 
2  0 0 0.86157 
2  0 0 0.85664 
2  0 0 0.85488 
2  0 0 0.84953 
2  0 0 0.8475 
2  0 0 0.84543 
2  0 0 0.83768 
2  0 0 0.8264 
2  0 0 0.8224 
2  0 0 0.81371 
2  0 0 0.81195 
2  1 0.89973 1.70346 
2  1 0.92656 1.7153 
2  1 0.9175 1.6942 
2  1 0.94067 1.7153 
2  1 0.9329 1.69323 
2  1 0.9414 1.66008 
2  1 0.92612 1.63435 
2  1 0.94325 1.63435 
2  1 0.9446 1.63435 
2  1 0.91287 1.5688 
2  0 0 0.64716 
2  1 0.97809 1.62015 
2  1 0.9823 1.62015 
2  1 0.9301 1.56658 
2  1 0.9982 1.63435 
2  1 0.93925 1.56658 
2  1 0.92309 1.54974 
2  1 0.92654 1.54974 
2  1 0.92703 1.54974 
2  1 0.92519 1.54546 
2  1 0.9488 1.5688 
2  1 0.8983 1.51196 
2  1 0.92254 1.53538 
2  1 0.9228 1.53538 
2  1 0.92285 1.53538 
2  0 0 0.6079 
2  1 0.9935 1.6005 
2  1 0.9628 1.56658 
2  1 0.99733 1.59996 
2  1 0.99322 1.59446 
2  1 0.97299 1.56658 
2  1 0.92212 1.51196 
2  1 0.92433 1.51196 
2  1 0.93292 1.51196 
2  1 0.926 1.5038 
2  0 0 0.57365 
2  1 0.9311 1.5038 
2  1 0.94116 1.5038 
2  1 0.93563 1.4967 
2  1 0.9528 1.5038 
2  1 0.95333 1.4967 
2  0 0 0.2308 
2  0 0 0.21046 
2  0 0 0.20602 
2  0 0 0.18634 
2  1 0.92532 0.9997 
2  1 0.93414 0.9997 
2  1 0.86838 0.9238 
2  1 0.9473 0.9997 
2  1 0.8825 0.9238 
2  1 0.9625 1 
2  1 0.8944 0.9238 
2  1 0.9026 0.9238 
2  1 0.9842 1 
2  1 0.91327 0.9238 
2  2 1.64963 1.66008 
2  2 1.64963 1.66008 
2  2 1.64963 1.66008 
2  2 1.64963 1.66008 
2  2 1.66683 1.67675 
2  2 1.66683 1.67675 
2  1 0.9175 0.9238 
2  2 1.73567 1.73967 
2  2 1.67352 1.67675 
2  2 1.67352 1.67675 
