2  0 0 inf 
2  0 0 0.9964 
2  0 0 0.9903 
2  0 0 0.97935 
2  0 0 0.97688 
2  0 0 0.97679 
2  0 0 0.97564 
2  0 0 0.9749 
2  0 0 0.97411 
2  0 0 0.97049 
2  0 0 0.9694 
2  0 0 0.96399 
2  0 0 0.94827 
2  0 0 0.94699 
2  0 0 0.93788 
2  0 0 0.93416 
2  0 0 0.92419 
2  0 0 0.91476 
2  0 0 0.89337 
2  0 0 0.86642 
2  1 0.92648 1.78118 
2  1 0.9564 1.7929 
2  1 0.96426 1.7929 
2  1 0.97711 1.7929 
2  1 0.98004 1.7929 
2  1 0.98555 1.7929 
2  1 0.99328 1.7929 
2  1 0.9958 1.7929 
2  1 0.99774 1.7929 
2  0 0 0.72264 
2  1 0.97934 1.70074 
2  1 0.98165 1.70074 
2  1 0.98315 1.70074 
2  1 0.98418 1.70074 
2  1 0.98502 1.70074 
2  1 0.9781 1.69204 
2  1 0.98247 1.69313 
2  1 0.99955 1.70074 
2  1 0.98511 1.66963 
