2  0 0 inf 
2  0 0 0.9964 
2  0 0 0.99 
2  0 0 0.98796 
2  0 0 0.97049 
2  0 0 0.9653 
2  0 0 0.94384 
2  0 0 0.9398 
2  1 0.9994 1.93579 
2  0 0 0.93592 
2  0 0 0.93313 
2  0 0 0.92541 
2  0 0 0.9217 
2  0 0 0.91942 
2  0 0 0.90257 
2  0 0 0.89504 
2  0 0 0.87558 
2  0 0 0.87083 
2  0 0 0.8678 
2  0 0 0.8648 
2  0 0 0.86157 
2  0 0 0.85664 
2  0 0 0.85488 
2  0 0 0.84953 
2  0 0 0.8475 
2  0 0 0.84543 
2  1 0.93643 1.77606 
2  0 0 0.83768 
2  0 0 0.8224 
2  0 0 0.81371 
2  0 0 0.81195 
2  1 0.9567 1.75104 
2  1 1 1.79181 
2  1 0.92656 1.7153 
2  1 0.9978 1.78342 
2  1 0.97809 1.75755 
2  1 0.94067 1.7153 
2  1 0.91287 1.6872 
2  1 0.92433 1.69323 
2  1 0.92212 1.6872 
2  1 0.92309 1.67675 
2  1 0.926 1.67675 
2  1 0.92519 1.67352 
2  1 0.9301 1.67675 
2  1 0.9311 1.67352 
2  1 0.92612 1.66683 
2  1 0.94116 1.66683 
2  1 0.92654 1.64963 
2  1 0.9603 1.68278 
2  1 0.93292 1.64963 
2  1 0.9488 1.66008 
2  1 0.93925 1.64963 
2  1 0.92703 1.63435 
2  1 0.94325 1.63435 
2  1 0.9446 1.63435 
2  1 0.99322 1.68278 
2  1 0.9935 1.67675 
2  1 0.99955 1.67675 
2  1 0.9823 1.65914 
2  1 0.99733 1.64963 
2  1 0.9982 1.63435 
2  0 0 0.6079 
2  1 0.9407 1.46278 
2  1 0.94331 1.41985 
2  0 0 0.21046 
2  0 0 0.20602 
2  0 0 0.18634 
2  1 0.92532 0.9997 
2  1 0.93414 0.9997 
2  1 0.93563 0.9997 
2  1 0.86838 0.9238 
2  1 0.9583 1 
2  1 0.8825 0.9238 
2  1 0.9628 0.9997 
2  1 0.8944 0.9238 
2  1 0.9026 0.9238 
2  1 0.9842 1 
2  1 0.91327 0.9238 
2  1 0.9175 0.9238 
