2  0 0 inf 
2  0 0 0.96275 
2  0 0 0.96141 
2  0 0 0.96126 
2  0 0 0.94663 
2  0 0 0.9398 
2  0 0 0.93175 
2  0 0 0.9298 
2  0 0 0.9217 
2  0 0 0.91563 
2  0 0 0.90539 
2  0 0 0.90096 
2  0 0 0.89608 
2  0 0 0.88663 
2  0 0 0.87083 
2  0 0 0.8678 
2  0 0 0.86675 
2  0 0 0.86157 
2  0 0 0.85488 
2  0 0 0.8475 
2  0 0 0.84634 
2  0 0 0.83768 
2  0 0 0.8224 
2  0 0 0.81195 
2  0 0 0.80963 
2  0 0 0.8076 
2  0 0 0.79847 
2  0 0 0.79729 
2  0 0 0.79175 
2  0 0 0.75763 
2  0 0 0.72044 
2  0 0 0.6825 
2  0 0 0.6079 
2  0 0 0.57365 
2  0 0 0.56597 
2  0 0 0.5649 
2  1 0.9407 1.46278 
2  1 0.94331 1.41985 
2  0 0 0.295 
2  0 0 0.2612 
2  0 0 0.21046 
2  0 0 0.20602 
2  0 0 0.20586 
2  1 0.96385 1.16002 
2  0 0 0.18634 
2  1 0.97373 1.15846 
2  1 0.82644 1 
2  1 0.96685 1.11989 
2  1 0.93592 1.07424 
2  1 0.90957 0.99761 
2  1 0.91269 1 
2  1 0.93238 1 
2  1 0.85875 0.9238 
2  1 0.93522 1 
2  1 0.86838 0.9238 
2  1 0.95107 1 
2  1 0.9526 1 
2  1 0.9583 1 
2  1 0.8825 0.9238 
2  1 0.96399 1 
2  1 0.96574 1 
2  1 0.96876 1 
2  1 0.97196 1 
2  1 0.97231 1 
2  1 0.97439 1 
2  1 0.97774 1 
2  1 0.97825 1 
2  1 0.9026 0.9238 
2  1 0.981 1 
2  1 0.9842 1 
2  1 0.91327 0.9238 
2  1 0.8944 0.90202 
2  1 0.9625 0.96886 
2  1 0.9175 0.9238 
