2  0 0 inf 
2  0 0 0.99774 
2  0 0 0.99665 
2  0 0 0.9964 
2  0 0 0.99322 
2  0 0 0.97206 
2  0 0 0.94384 
2  0 0 0.9407 
2  0 0 0.93592 
2  0 0 0.93313 
2  0 0 0.92541 
2  0 0 0.91942 
2  0 0 0.9154 
2  0 0 0.90257 
2  0 0 0.87083 
2  0 0 0.8648 
2  1 1 1.86325 
2  0 0 0.85664 
2  0 0 0.8475 
2  1 0.93643 1.77606 
2  0 0 0.83768 
2  0 0 0.8224 
2  0 0 0.81195 
2  1 0.9567 1.75104 
2  1 0.9978 1.78342 
2  1 0.92309 1.68278 
2  1 0.9311 1.68278 
2  1 0.926 1.67675 
2  1 0.92612 1.67675 
2  1 0.9301 1.67675 
2  1 0.92654 1.64963 
2  1 0.9603 1.68278 
2  1 0.9583 1.67675 
2  1 0.93292 1.64963 
2  1 0.93925 1.64963 
2  1 0.92703 1.63435 
2  1 0.94325 1.63435 
2  1 0.9446 1.63435 
2  1 0.9935 1.68278 
2  1 0.99654 1.67675 
2  1 0.9994 1.67675 
2  1 0.99733 1.64963 
2  1 0.9982 1.63435 
2  1 0.93563 0.9997 
2  1 0.9628 0.9997 
2  1 0.8944 0.9238 
2  1 0.9175 0.9238 
