2  0 0 inf 
2  0 0 0.99733 
2  0 0 0.99581 
2  0 0 0.993 
2  0 0 0.99268 
2  0 0 0.99022 
2  0 0 0.99 
2  0 0 0.98653 
2  1 0.99812 1.97953 
2  0 0 0.97715 
2  0 0 0.96385 
2  0 0 0.95807 
2  0 0 0.95281 
2  0 0 0.94844 
2  0 0 0.94827 
2  0 0 0.9464 
2  0 0 0.93313 
2  0 0 0.93189 
2  0 0 0.9301 
2  0 0 0.926 
2  0 0 0.92419 
2  0 0 0.91942 
2  0 0 0.9175 
2  0 0 0.91563 
2  0 0 0.91476 
2  0 0 0.8944 
2  0 0 0.8742 
2  0 0 0.85664 
2  0 0 0.8564 
2  0 0 0.8475 
2  0 0 0.82833 
2  0 0 0.82644 
2  0 0 0.8076 
2  1 0.9446 1.7419 
2  1 0.94325 1.7217 
2  1 0.9449 1.7039 
2  1 0.9982 1.7217 
2  1 0.9997 1.7039 
2  0 0 0.687 
2  0 0 0.66785 
2  0 0 0.64716 
2  0 0 0.64431 
2  1 0.93292 1.56658 
2  1 0.9135 1.54156 
2  0 0 0.62772 
2  1 0.93925 1.56658 
2  1 0.9808 1.59446 
2  1 0.9311 1.54156 
2  1 0.9935 1.6005 
2  1 0.9628 1.56658 
2  1 0.99733 1.59996 
2  1 0.99322 1.59446 
2  0 0 0.56597 
2  1 0.9982 1.56066 
2  1 0.9452 1.5038 
2  1 0.9473 1.5038 
2  1 0.9528 1.5038 
2  1 0.95333 1.5038 
2  0 0 0.54193 
2  0 0 0.4166 
2  1 0.8284 1.22893 
2  1 0.92275 1.29557 
2  1 0.93592 1.29557 
2  1 0.93643 1.29557 
2  1 0.93979 1.29557 
2  1 0.95047 1.29557 
2  1 0.95416 1.29557 
2  1 0.95597 1.29557 
2  1 0.9567 1.29557 
2  1 0.83573 1.16965 
2  1 0.96403 1.29557 
2  1 0.96869 1.29557 
2  1 0.97012 1.29557 
2  1 0.97231 1.29557 
2  1 0.97373 1.29557 
2  1 0.97996 1.29557 
2  1 0.87083 1.18624 
2  1 0.9811 1.29557 
2  1 0.99125 1.29557 
2  1 0.9978 1.29557 
2  1 0.94795 1.18909 
2  0 0 0.21046 
2  0 0 0.20602 
2  0 0 0.18634 
2  1 0.96685 1.1079 
