2  0 0 inf 
2  0 0 0.99654 
2  0 0 0.99268 
2  0 0 0.99022 
2  0 0 0.98653 
2  0 0 0.97715 
2  0 0 0.96385 
2  0 0 0.95807 
2  0 0 0.95281 
2  0 0 0.94844 
2  0 0 0.94827 
2  0 0 0.9464 
2  0 0 0.93313 
2  0 0 0.93189 
2  0 0 0.92419 
2  0 0 0.91942 
2  0 0 0.91563 
2  0 0 0.91476 
2  0 0 0.8944 
2  0 0 0.85664 
2  0 0 0.82833 
2  0 0 0.82644 
2  0 0 0.8076 
2  0 0 0.687 
2  0 0 0.66785 
2  0 0 0.64716 
2  0 0 0.64431 
2  0 0 0.62772 
2  0 0 0.56597 
2  0 0 0.54193 
2  0 0 0.4166 
2  1 0.8284 1.22893 
2  1 0.92275 1.29557 
2  1 0.93592 1.29557 
2  1 0.93643 1.29557 
2  1 0.93979 1.29557 
2  1 0.95047 1.29557 
2  1 0.95416 1.29557 
2  1 0.95597 1.29557 
2  1 0.9567 1.29557 
2  1 0.83573 1.16965 
2  1 0.96403 1.29557 
2  1 0.96869 1.29557 
2  1 0.97012 1.29557 
2  1 0.97231 1.29557 
2  1 0.97373 1.29557 
2  1 0.97996 1.29557 
2  1 0.87083 1.18624 
2  1 0.9811 1.29557 
2  1 0.99125 1.29557 
2  1 0.9978 1.29557 
2  1 0.94795 1.18909 
2  1 0.96685 1.1079 
