2  0 0 inf 
2  0 0 0.9994 
2  0 0 0.99322 
2  0 0 0.9398 
2  0 0 0.93592 
2  0 0 0.92541 
2  0 0 0.91942 
2  0 0 0.90257 
2  0 0 0.8742 
2  0 0 0.87083 
2  0 0 0.8678 
2  0 0 0.8648 
2  0 0 0.86157 
2  0 0 0.85664 
2  0 0 0.8564 
2  0 0 0.85488 
2  0 0 0.8475 
2  0 0 0.83768 
2  1 0.9444 1.77606 
2  0 0 0.8224 
2  0 0 0.81195 
2  1 0.92244 1.7217 
2  1 0.9567 1.75104 
2  1 0.92656 1.7153 
2  1 0.9978 1.78342 
2  1 0.92157 1.7039 
2  1 0.9452 1.7217 
2  1 0.94067 1.7153 
2  1 0.9449 1.7039 
2  1 0.92309 1.67675 
2  1 0.926 1.67675 
2  1 0.92519 1.67352 
2  1 0.9301 1.67675 
2  1 0.9311 1.67352 
2  1 0.92612 1.66683 
2  1 0.9407 1.66683 
2  1 0.94116 1.66683 
2  1 0.9982 1.7217 
2  1 0.92654 1.64963 
2  1 0.9603 1.68278 
2  1 0.9583 1.67675 
2  1 0.93292 1.64963 
2  1 0.93925 1.64963 
2  1 0.92703 1.63435 
2  1 0.9997 1.7039 
2  1 0.94325 1.63435 
2  1 0.9446 1.63435 
2  1 0.9935 1.68278 
2  1 0.99654 1.67675 
2  1 0.99955 1.67675 
2  1 0.99733 1.64963 
2  1 0.9982 1.63435 
2  1 0.92532 0.9997 
2  1 0.93414 0.9997 
2  1 0.93563 0.9997 
2  1 0.8825 0.9238 
2  1 0.9628 0.9997 
2  1 0.8944 0.9238 
2  1 0.9026 0.9238 
2  1 0.91327 0.9238 
2  1 0.9175 0.9238 
