2  0 0 inf 
2  0 0 0.9938 
2  0 0 0.9903 
2  0 0 0.97935 
2  0 0 0.97711 
2  0 0 0.97688 
2  0 0 0.97679 
2  0 0 0.9749 
2  0 0 0.97275 
2  0 0 0.97206 
2  0 0 0.97049 
2  0 0 0.9694 
2  1 0.99665 1.96306 
2  0 0 0.95415 
2  1 0.98004 1.93014 
2  0 0 0.94699 
2  1 0.99774 1.94027 
2  0 0 0.93788 
2  1 0.9911 1.92864 
2  1 0.99328 1.91639 
2  0 0 0.9154 
2  0 0 0.72264 
2  1 0.97934 1.70074 
2  1 0.98165 1.70074 
2  1 0.98315 1.70074 
2  1 0.98418 1.70074 
2  1 1 1.71644 
2  1 0.98502 1.70074 
2  1 0.9781 1.69204 
2  1 0.98247 1.69313 
2  1 0.9964 1.70074 
2  1 0.98511 1.66963 
