2  0 0 inf 
2  0 0 0.99654 
2  0 0 0.99268 
2  0 0 0.99076 
2  0 0 0.99022 
2  0 0 0.98796 
2  0 0 0.98691 
2  0 0 0.97728 
2  0 0 0.97715 
2  0 0 0.96275 
2  0 0 0.95807 
2  0 0 0.95281 
2  0 0 0.94827 
2  0 0 0.9464 
2  0 0 0.93313 
2  0 0 0.93189 
2  0 0 0.92419 
2  0 0 0.91942 
2  0 0 0.91476 
2  0 0 0.86838 
2  0 0 0.85664 
2  0 0 0.82644 
2  0 0 0.8076 
2  0 0 0.687 
2  0 0 0.6825 
2  0 0 0.66785 
2  0 0 0.64716 
2  0 0 0.64431 
2  0 0 0.62772 
2  0 0 0.56597 
2  0 0 0.5649 
2  0 0 0.54193 
2  0 0 0.4166 
2  1 0.8284 1.22893 
2  0 0 0.3571 
2  1 0.9567 1.29557 
2  1 0.83573 1.16965 
2  1 0.87083 1.18624 
2  1 0.9978 1.29557 
2  0 0 0.2612 
2  1 0.93144 1.18909 
2  0 0 0.20586 
2  1 0.91563 1.11989 
2  1 0.96385 1.16002 
2  1 0.97373 1.15846 
2  1 0.96685 1.1079 
2  1 0.93592 1.07424 
2  1 0.8944 1 
2  1 0.91403 1 
2  1 0.93565 0.9982 
2  1 0.94795 0.9982 
2  1 0.95047 0.9982 
2  1 0.9526 1 
2  1 0.96101 0.9982 
2  1 0.96106 0.9982 
2  1 0.97231 1 
2  1 0.97173 0.9982 
2  1 0.9811 0.9982 
2  1 0.98321 0.9982 
2  1 0.98732 0.9982 
2  1 0.98835 0.9982 
2  1 0.99046 0.9982 
2  1 0.99115 0.9982 
2  1 0.96336 0.97035 
2  1 0.95885 0.9611 
