2  0 0 inf 
2  0 0 0.99075 
2  0 0 0.99 
2  0 0 0.98723 
2  0 0 0.9871 
2  0 0 0.98683 
2  0 0 0.9815 
2  0 0 0.97935 
2  0 0 0.97715 
2  0 0 0.97688 
2  0 0 0.97679 
2  0 0 0.97564 
2  0 0 0.97301 
2  0 0 0.97275 
2  0 0 0.97206 
2  0 0 0.97049 
2  1 0.9903 1.95998 
2  0 0 0.9694 
2  0 0 0.9653 
2  0 0 0.96275 
2  0 0 0.96141 
2  0 0 0.96126 
2  0 0 0.9587 
2  0 0 0.95807 
2  0 0 0.95281 
2  0 0 0.94827 
2  0 0 0.94699 
2  0 0 0.94663 
2  0 0 0.9464 
2  0 0 0.94015 
2  0 0 0.93788 
2  0 0 0.93416 
2  0 0 0.93313 
2  0 0 0.93189 
2  0 0 0.93175 
2  0 0 0.93144 
2  1 0.99665 1.92738 
2  0 0 0.9298 
2  0 0 0.92687 
2  0 0 0.92419 
2  0 0 0.9217 
2  0 0 0.91942 
2  0 0 0.9154 
2  0 0 0.91476 
2  0 0 0.91287 
2  0 0 0.90096 
2  0 0 0.89504 
2  0 0 0.89337 
2  0 0 0.8903 
2  0 0 0.88822 
2  0 0 0.88663 
2  0 0 0.86675 
2  0 0 0.86642 
2  0 0 0.85664 
2  0 0 0.84953 
2  0 0 0.8475 
2  1 0.91476 1.76146 
2  0 0 0.84543 
2  0 0 0.81371 
2  0 0 0.81195 
2  0 0 0.80963 
2  0 0 0.8076 
2  1 0.9564 1.76146 
2  0 0 0.8038 
2  0 0 0.79847 
2  1 0.96426 1.76146 
2  0 0 0.7953 
2  0 0 0.79175 
2  1 0.9749 1.76146 
2  1 0.98004 1.76146 
2  0 0 0.7768 
2  0 0 0.7763 
2  1 0.98555 1.76146 
2  1 0.99328 1.76146 
2  1 0.9958 1.76146 
2  1 0.99774 1.76146 
2  0 0 0.75763 
2  0 0 0.72264 
2  1 0.97934 1.70074 
2  0 0 0.72044 
2  1 0.98165 1.70074 
2  1 0.98315 1.70074 
2  1 0.98418 1.70074 
2  1 0.97711 1.69313 
2  1 0.98502 1.70074 
2  1 0.9781 1.69204 
2  1 0.9964 1.70074 
2  0 0 0.6969 
2  1 0.94325 1.6376 
2  1 0.9446 1.6376 
2  1 0.98511 1.66963 
2  0 0 0.6825 
2  0 0 0.657 
2  0 0 0.64716 
2  1 0.9982 1.6376 
2  1 0.9994 1.6376 
2  0 0 0.6079 
2  0 0 0.57365 
2  0 0 0.56597 
2  0 0 0.5649 
2  1 0.92612 1.4737 
2  0 0 0.54193 
2  1 0.94384 1.46134 
2  1 0.97809 1.46879 
2  1 0.9823 1.46879 
2  1 0.98691 1.46879 
2  1 0.9407 1.41985 
2  1 0.9938 1.46879 
2  1 0.9939 1.46879 
2  1 0.9997 1.46879 
2  1 1 1.46879 
2  0 0 0.295 
2  0 0 0.2612 
2  0 0 0.2308 
2  1 0.97299 1.18909 
2  0 0 0.21046 
2  0 0 0.20602 
2  0 0 0.20586 
2  0 0 0.19672 
2  0 0 0.18634 
2  1 0.82644 1 
2  1 0.90957 0.99761 
2  1 0.91269 1 
2  1 0.93238 1 
2  1 0.85875 0.9238 
2  1 0.93522 1 
2  1 0.93565 0.9982 
2  1 0.94331 1 
2  1 0.86838 0.9238 
2  1 0.95107 1 
2  1 0.9526 1 
2  1 0.95885 0.9982 
2  1 0.96101 0.9982 
2  1 0.96106 0.9982 
2  1 0.96399 1 
2  1 0.96336 0.9982 
2  1 0.96574 1 
2  1 0.96876 1 
2  1 0.97196 1 
2  1 0.97231 1 
2  1 0.97173 0.9982 
2  1 0.97439 1 
2  1 0.97774 1 
2  1 0.97825 1 
2  1 0.981 1 
2  1 0.98196 0.9982 
2  1 0.9842 1 
2  1 0.98321 0.9982 
2  1 0.98732 0.9982 
2  1 0.98835 0.9982 
2  1 0.99046 0.9982 
2  1 0.8944 0.90202 
2  1 0.99076 0.9982 
2  1 0.9625 0.96886 
2  2 1.96306 1.9694 
