2  0 0 inf 
2  0 0 0.99 
2  0 0 0.98796 
2  0 0 0.9842 
2  0 0 0.9653 
2  0 0 0.9625 
2  0 0 0.94384 
2  0 0 0.9329 
2  0 0 0.91942 
2  0 0 0.90257 
2  0 0 0.89504 
2  0 0 0.88822 
2  0 0 0.87558 
2  0 0 0.8648 
2  0 0 0.85664 
2  0 0 0.84953 
2  0 0 0.84543 
2  0 0 0.83768 
2  0 0 0.8224 
2  0 0 0.81371 
2  1 0.9414 1.66008 
2  1 0.91287 1.5688 
2  0 0 0.64716 
2  1 0.97809 1.62015 
2  1 0.9823 1.62015 
2  1 0.9301 1.56658 
2  1 0.93925 1.56658 
2  1 0.92654 1.54974 
2  1 0.92703 1.54974 
2  1 0.9488 1.5688 
2  1 0.92254 1.53538 
2  1 0.92285 1.53538 
2  1 0.9935 1.6005 
2  1 0.99733 1.59996 
2  1 0.97299 1.56658 
2  1 0.92212 1.51196 
2  1 0.93292 1.51196 
2  1 0.926 1.5038 
2  1 0.9528 1.5038 
2  1 0.95333 1.4967 
2  0 0 0.2308 
2  0 0 0.21046 
2  0 0 0.20602 
2  0 0 0.18634 
