2  1 0.9135 inf 
2  1 0.91287 inf 
2  1 0.89973 inf 
2  1 0.8983 inf 
2  1 0.87083 inf 
2  1 0.8284 inf 
2  0 0 inf 
2  1 0.91563 inf 
2  1 1 inf 
2  1 0.9997 inf 
2  1 0.9997 inf 
2  1 0.9994 inf 
2  1 0.9986 inf 
2  1 0.9982 inf 
2  1 0.9982 inf 
2  1 0.99812 inf 
2  1 0.99808 inf 
2  1 0.9978 inf 
2  1 0.99774 inf 
2  1 0.99733 inf 
2  1 0.99665 inf 
2  1 0.99649 inf 
2  1 0.9964 inf 
2  1 0.99581 inf 
2  1 0.9958 inf 
2  1 0.9939 inf 
2  1 0.9938 inf 
2  1 0.9935 inf 
2  1 0.99328 inf 
2  1 0.99322 inf 
2  1 0.993 inf 
2  1 0.992 inf 
2  1 0.98315 inf 
2  1 0.9903 inf 
2  1 0.98691 inf 
2  1 0.98653 inf 
2  1 0.98555 inf 
2  1 0.98511 inf 
2  1 0.98502 inf 
2  1 0.98418 inf 
2  1 0.9832 inf 
2  1 0.9823 inf 
2  1 0.98165 inf 
2  1 0.98004 inf 
2  1 0.97934 inf 
2  1 0.9781 inf 
2  1 0.97809 inf 
2  1 0.97711 inf 
2  1 0.9749 inf 
2  1 0.97373 inf 
2  1 0.97299 inf 
2  1 0.9729 inf 
2  1 0.96685 inf 
2  1 0.96426 inf 
2  1 0.96385 inf 
2  1 0.9603 inf 
2  1 0.9567 inf 
2  1 0.9564 inf 
2  1 0.95333 inf 
2  1 0.95281 inf 
2  1 0.9528 inf 
2  1 0.9511 inf 
2  1 0.9488 inf 
2  1 0.94795 inf 
2  1 0.9452 inf 
2  1 0.9449 inf 
2  1 0.9446 inf 
2  1 0.94384 inf 
2  1 0.94325 inf 
2  1 0.94313 inf 
2  1 0.9414 inf 
2  1 0.94116 inf 
2  1 0.9407 inf 
2  1 0.94067 inf 
2  1 0.9398 inf 
2  1 0.93925 inf 
2  1 0.93592 inf 
2  1 0.93292 inf 
2  1 0.9329 inf 
2  1 0.93144 inf 
2  1 0.9311 inf 
2  1 0.9301 inf 
2  1 0.92703 inf 
2  1 0.92656 inf 
2  1 0.92654 inf 
2  1 0.92612 inf 
2  1 0.926 inf 
2  1 0.92519 inf 
2  1 0.92433 inf 
2  1 0.92309 inf 
2  1 0.92285 inf 
2  1 0.9228 inf 
2  1 0.92254 inf 
2  1 0.92244 inf 
2  1 0.92212 inf 
2  1 0.922 inf 
2  1 0.92157 inf 
2  1 0.9175 inf 
2  1 0.83573 inf 
2  1 0.9175 inf 
2  1 0.91476 inf 
2  0 0 0.9984 
2  0 0 0.99733 
2  0 0 0.9959 
2  0 0 0.99484 
2  0 0 0.99268 
2  0 0 0.99075 
2  0 0 0.99 
2  0 0 0.98723 
2  0 0 0.9871 
2  0 0 0.98683 
2  0 0 0.9815 
2  0 0 0.97935 
2  0 0 0.97715 
2  0 0 0.97688 
2  0 0 0.97679 
2  0 0 0.97564 
2  0 0 0.97411 
2  0 0 0.97301 
2  0 0 0.97275 
2  0 0 0.97206 
2  0 0 0.97049 
2  0 0 0.9694 
2  0 0 0.9653 
2  0 0 0.96275 
2  0 0 0.96141 
2  0 0 0.96126 
2  0 0 0.9587 
2  0 0 0.95807 
2  0 0 0.94827 
2  0 0 0.94699 
2  0 0 0.94663 
2  0 0 0.9464 
2  0 0 0.94015 
2  0 0 0.93788 
2  0 0 0.9378 
2  0 0 0.93416 
2  0 0 0.93313 
2  0 0 0.93189 
2  0 0 0.93175 
2  0 0 0.9298 
2  0 0 0.92687 
2  0 0 0.92495 
2  0 0 0.92419 
2  0 0 0.9217 
2  0 0 0.9214 
2  0 0 0.91942 
2  0 0 0.9154 
2  0 0 0.91476 
2  0 0 0.9129 
2  0 0 0.9097 
2  0 0 0.90096 
2  0 0 0.89608 
2  0 0 0.89504 
2  0 0 0.89337 
2  0 0 0.8903 
2  0 0 0.88822 
2  0 0 0.88663 
2  0 0 0.88106 
2  0 0 0.87558 
2  0 0 0.8742 
2  0 0 0.87083 
2  0 0 0.8678 
2  0 0 0.86675 
2  0 0 0.86642 
2  0 0 0.86157 
2  0 0 0.85664 
2  0 0 0.8564 
2  0 0 0.85488 
2  0 0 0.8514 
2  0 0 0.84953 
2  0 0 0.8475 
2  0 0 0.84543 
2  0 0 0.83768 
2  0 0 0.8264 
2  0 0 0.8224 
2  0 0 0.81371 
2  0 0 0.81195 
2  0 0 0.80963 
2  0 0 0.8076 
2  0 0 0.8038 
2  0 0 0.79847 
2  0 0 0.7953 
2  0 0 0.79175 
2  0 0 0.7768 
2  0 0 0.7763 
2  0 0 0.75763 
2  0 0 0.72264 
2  0 0 0.72044 
2  0 0 0.6969 
2  0 0 0.687 
2  0 0 0.6825 
2  0 0 0.66785 
2  0 0 0.657 
2  0 0 0.64716 
2  0 0 0.64431 
2  0 0 0.62772 
2  0 0 0.6079 
2  0 0 0.57365 
2  0 0 0.56597 
2  0 0 0.5649 
2  0 0 0.54193 
2  0 0 0.4166 
2  0 0 0.3571 
2  0 0 0.295 
2  0 0 0.2612 
2  0 0 0.2308 
2  0 0 0.21046 
2  0 0 0.20602 
2  0 0 0.20586 
2  0 0 0.19672 
2  0 0 0.18634 
2  1 0.82644 1 
2  1 0.90957 0.99761 
2  1 0.91269 1 
2  1 0.92532 0.9997 
2  1 0.92541 0.9997 
2  1 0.93238 1 
2  1 0.93414 0.9997 
2  1 0.85875 0.9238 
2  1 0.93522 1 
2  1 0.93563 0.9997 
2  1 0.93563 0.9997 
2  1 0.93565 0.9982 
2  1 0.94331 1 
2  1 0.86838 0.9238 
2  1 0.9473 0.9997 
2  1 0.9488 0.9997 
2  1 0.94795 0.9982 
2  1 0.95107 1 
2  1 0.95047 0.9982 
2  1 0.9526 1 
2  1 0.8825 0.9238 
2  1 0.96101 0.9982 
2  1 0.96106 0.9982 
2  1 0.9628 0.9997 
2  1 0.96399 1 
2  1 0.96574 1 
2  1 0.96876 1 
2  1 0.97196 1 
2  1 0.97231 1 
2  1 0.97173 0.9982 
2  1 0.97439 1 
2  1 0.97774 1 
2  1 0.97825 1 
2  1 0.9026 0.9238 
2  1 0.981 1 
2  1 0.9808 0.9997 
2  1 0.9811 0.9982 
2  1 0.9842 1 
2  1 0.98321 0.9982 
2  1 0.98732 0.9982 
2  1 0.91327 0.9238 
2  1 0.98835 0.9982 
2  1 0.99046 0.9982 
2  1 0.8944 0.90202 
2  1 0.99076 0.9982 
2  1 0.96336 0.97035 
2  1 0.9625 0.96886 
2  1 0.9175 0.9238 
2  1 0.95885 0.9611 
