Time	B0	B1	B2	B3
0.00000	96	  0	0	0
0.18634	95	  0	0	0
0.19672	94	  0	0	0
0.20586	93	  0	0	0
0.20602	92	  0	0	0
0.21046	91	  0	0	0
0.23080	90	  0	0	0
0.26120	89	  0	0	0
0.29500	88	  0	0	0
0.54193	87	  0	0	0
0.56490	86	  0	0	0
0.56597	85	  0	0	0
0.57365	84	  0	0	0
0.60790	83	  0	0	0
0.62772	82	  0	0	0
0.64431	81	  0	0	0
0.64716	80	  0	0	0
0.65700	79	  0	0	0
0.66785	78	  0	0	0
0.68250	77	  0	0	0
0.68700	76	  0	0	0
0.69690	75	  0	0	0
0.72044	74	  0	0	0
0.72264	73	  0	0	0
0.75763	72	  0	0	0
0.77630	71	  0	0	0
0.77680	70	  0	0	0
0.79175	69	  0	0	0
0.79530	68	  0	0	0
0.79847	67	  0	0	0
0.80380	66	  0	0	0
0.80760	65	  0	0	0
0.80963	64	  0	0	0
0.81371	63	  0	0	0
0.82240	62	  0	0	0
0.82644	62	  1	0	0
0.82840	62	  2	0	0
0.83573	62	  3	0	0
0.83768	61	  3	0	0
0.84543	60	  3	0	0
0.84953	59	  3	0	0
0.85488	58	  3	0	0
0.85664	57	  3	0	0
0.85875	57	  4	0	0
0.86157	56	  4	0	0
0.86642	55	  4	0	0
0.86675	54	  4	0	0
0.86838	53	  4	0	0
0.87083	52	  5	0	0
0.87420	51	  5	0	0
0.87558	50	  5	0	0
0.88250	50	  6	0	0
0.88663	49	  6	0	0
0.88822	48	  6	0	0
0.89030	47	  6	0	0
0.89337	46	  6	0	0
0.89440	46	  7	0	0
0.89504	45	  7	0	0
0.89830	45	  8	0	0
0.90096	44	  8	0	0
0.90202	44	  7	0	0
0.90260	44	  8	0	0
0.90957	44	  9	0	0
0.90970	43	  9	0	0
0.91269	43	 10	0	0
0.91287	43	 11	0	0
0.91350	43	 12	0	0
0.91476	42	 13	0	0
0.91540	41	 13	0	0
0.91563	41	 14	0	0
0.91750	41	 15	0	0
0.91942	40	 15	0	0
0.92140	39	 15	0	0
0.92170	38	 15	0	0
0.92200	38	 16	0	0
0.92212	38	 17	0	0
0.92244	38	 18	0	0
0.92254	38	 19	0	0
0.92280	38	 20	0	0
0.92285	38	 21	0	0
0.92309	38	 22	0	0
0.92380	38	 18	0	0
0.92419	37	 18	0	0
0.92433	37	 19	0	0
0.92495	36	 19	0	0
0.92519	36	 20	0	0
0.92532	36	 21	0	0
0.92541	36	 22	0	0
0.92600	36	 23	0	0
0.92654	36	 24	0	0
0.92687	35	 24	0	0
0.92703	35	 25	0	0
0.92980	34	 25	0	0
0.93010	34	 26	0	0
0.93110	34	 27	0	0
0.93144	33	 27	0	0
0.93175	32	 27	0	0
0.93189	31	 27	0	0
0.93238	31	 28	0	0
0.93292	31	 29	0	0
0.93313	30	 29	0	0
0.93414	30	 30	0	0
0.93416	29	 30	0	0
0.93522	29	 31	0	0
0.93563	29	 33	0	0
0.93565	29	 34	0	0
0.93592	29	 35	0	0
0.93643	29	 36	0	0
0.93780	28	 36	0	0
0.93788	27	 36	0	0
0.93925	27	 37	0	0
0.93979	27	 38	0	0
0.93980	27	 39	0	0
0.94015	26	 39	0	0
0.94116	26	 40	0	0
0.94313	26	 41	0	0
0.94331	26	 42	0	0
0.94384	26	 43	0	0
0.94520	26	 44	0	0
0.94640	25	 44	0	0
0.94663	24	 44	0	0
0.94699	23	 44	0	0
0.94730	23	 45	0	0
0.94795	23	 47	0	0
0.94827	22	 47	0	0
0.94880	22	 48	0	0
0.95047	22	 49	0	0
0.95107	22	 50	0	0
0.95110	22	 51	0	0
0.95260	22	 52	0	0
0.95280	22	 53	0	0
0.95281	22	 54	0	0
0.95333	22	 55	0	0
0.95640	22	 56	0	0
0.95670	22	 57	0	0
0.95807	21	 57	0	0
0.95870	20	 57	0	0
0.95885	20	 58	0	0
0.96030	20	 59	0	0
0.96101	20	 60	0	0
0.96106	20	 61	0	0
0.96126	19	 61	0	0
0.96141	18	 61	0	0
0.96250	18	 62	0	0
0.96275	17	 62	0	0
0.96280	17	 63	0	0
0.96336	17	 64	0	0
0.96385	17	 65	0	0
0.96399	17	 66	0	0
0.96403	17	 67	0	0
0.96426	17	 68	0	0
0.96530	16	 68	0	0
0.96574	16	 69	0	0
0.96685	16	 70	0	0
0.96876	16	 71	0	0
0.96886	16	 70	0	0
0.96940	15	 70	0	0
0.97012	15	 71	0	0
0.97049	14	 71	0	0
0.97173	14	 72	0	0
0.97196	14	 73	0	0
0.97206	13	 73	0	0
0.97231	13	 74	0	0
0.97290	13	 75	0	0
0.97299	13	 76	0	0
0.97301	12	 76	0	0
0.97373	12	 77	0	0
0.97439	12	 78	0	0
0.97490	12	 79	0	0
0.97564	11	 79	0	0
0.97679	10	 79	0	0
0.97688	 9	 79	0	0
0.97711	 9	 80	0	0
0.97715	 8	 80	0	0
0.97774	 8	 81	0	0
0.97809	 8	 82	0	0
0.97810	 8	 83	0	0
0.97825	 8	 84	0	0
0.97934	 8	 85	0	0
0.97935	 7	 85	0	0
0.97996	 7	 86	0	0
0.98004	 7	 87	0	0
0.98080	 7	 88	0	0
0.98100	 7	 89	0	0
0.98110	 7	 90	0	0
0.98150	 6	 90	0	0
0.98165	 6	 91	0	0
0.98196	 6	 92	0	0
0.98230	 6	 93	0	0
0.98315	 6	 94	0	0
0.98320	 6	 95	0	0
0.98321	 6	 96	0	0
0.98418	 6	 97	0	0
0.98420	 6	 98	0	0
0.98502	 6	 99	0	0
0.98511	 6	100	0	0
0.98555	 6	101	0	0
0.98683	 5	101	0	0
0.98691	 5	102	0	0
0.98710	 4	102	0	0
0.98732	 4	103	0	0
0.98835	 4	104	0	0
0.99000	 3	104	0	0
0.99046	 3	105	0	0
0.99075	 2	105	0	0
0.99076	 2	106	0	0
0.99125	 2	107	0	0
0.99322	 2	108	0	0
0.99328	 2	109	0	0
0.99350	 2	110	0	0
0.99380	 2	111	0	0
0.99390	 2	112	0	0
0.99580	 2	113	0	0
0.99640	 2	114	0	0
0.99649	 1	114	0	0
0.99733	 1	115	0	0
0.99761	 1	114	0	0
0.99774	 1	115	0	0
0.99780	 1	116	0	0
0.99820	 1	105	0	0
0.99970	 1	 98	0	0
1.00000	 1	 82	0	0
1.07424	 1	 81	0	0
1.10790	 1	 80	0	0
1.11989	 1	 79	0	0
1.15846	 1	 78	0	0
1.16002	 1	 77	0	0
1.16965	 1	 76	0	0
1.18624	 1	 75	0	0
1.18909	 1	 73	0	0
1.22893	 1	 72	0	0
1.29557	 1	 62	0	0
1.46134	 1	 61	0	0
1.46278	 1	 60	0	0
1.46879	 1	 53	0	0
1.47370	 1	 52	0	0
1.49670	 1	 50	0	0
1.50380	 1	 45	0	0
1.51196	 1	 41	0	0
1.51391	 1	 40	0	0
1.53538	 1	 37	0	0
1.54079	 1	 37	1	0
1.54156	 1	 36	1	0
1.54546	 1	 35	0	0
1.54974	 1	 31	0	0
1.56066	 1	 30	0	0
1.56658	 1	 27	0	0
1.56856	 1	 25	0	0
1.56880	 1	 23	0	0
1.59029	 1	 22	0	0
1.59446	 1	 21	0	0
1.59511	 1	 20	0	0
1.59996	 1	 19	0	0
1.60050	 1	 18	0	0
1.66963	 1	 17	0	0
1.69204	 1	 16	0	0
1.69313	 1	 15	0	0
1.70074	 1	  9	0	0
1.76146	 1	  0	0	0
    Inf	 1	  0	0	0
