Time	B0	B1	B2	B3
0.00000	17	 0	0	0
0.72264	16	 0	0	0
0.91540	15	 0	0	0
0.93788	14	 0	0	0
0.94699	13	 0	0	0
0.95415	12	 0	0	0
0.96940	11	 0	0	0
0.97049	10	 0	0	0
0.97206	 9	 0	0	0
0.97275	 8	 0	0	0
0.97490	 7	 0	0	0
0.97679	 6	 0	0	0
0.97688	 5	 0	0	0
0.97711	 4	 0	0	0
0.97810	 4	 1	0	0
0.97934	 4	 2	0	0
0.97935	 3	 2	0	0
0.98004	 3	 3	0	0
0.98165	 3	 4	0	0
0.98247	 3	 5	0	0
0.98315	 3	 6	0	0
0.98418	 3	 7	0	0
0.98502	 3	 8	0	0
0.98511	 3	 9	0	0
0.99030	 2	 9	0	0
0.99110	 2	10	0	0
0.99328	 2	11	0	0
0.99380	 1	11	0	0
0.99640	 1	12	0	0
0.99665	 1	13	0	0
0.99774	 1	14	0	0
1.00000	 1	15	0	0
1.66963	 1	14	0	0
1.69204	 1	13	0	0
1.69313	 1	12	0	0
1.70074	 1	 6	0	0
1.71644	 1	 5	0	0
1.91639	 1	 4	0	0
1.92864	 1	 3	0	0
1.93014	 1	 2	0	0
1.94027	 1	 1	0	0
1.96306	 1	 0	0	0
    Inf	 1	 0	0	0
