2  0 0 inf 
2  0 0 0.99654 
2  0 0 0.99022 
2  0 0 0.98796 
2  0 0 0.95807 
2  0 0 0.94844 
2  0 0 0.94827 
2  0 0 0.9464 
2  0 0 0.9407 
2  0 0 0.93997 
2  0 0 0.93313 
2  0 0 0.926 
2  0 0 0.92419 
2  0 0 0.92212 
2  0 0 0.91942 
2  1 0.94067 1.84812 
2  0 0 0.90257 
2  0 0 0.88822 
2  0 0 0.86838 
2  0 0 0.8678 
2  0 0 0.85875 
2  0 0 0.8564 
2  0 0 0.84953 
2  0 0 0.8475 
2  0 0 0.8284 
2  0 0 0.82833 
2  0 0 0.82644 
2  1 0.92612 1.7419 
2  1 0.92285 1.73775 
2  0 0 0.81195 
2  1 0.9446 1.7419 
2  1 0.9583 1.7419 
2  1 0.94325 1.7153 
2  1 0.9449 1.7039 
2  2 1.86667 2.59143 
2  0 0 0.687 
2  0 0 0.657 
2  0 0 0.64431 
2  0 0 0.56597 
2  1 0.93643 1.4991 
2  1 0.96403 1.51514 
2  1 0.96869 1.51442 
2  1 0.9611 1.50594 
2  1 0.9444 1.48539 
2  1 0.95047 1.49016 
2  1 0.97996 1.51237 
2  1 0.99125 1.51514 
2  1 0.92275 1.3943 
2  1 0.95416 1.39242 
2  1 0.87083 1.25297 
2  1 0.96685 1.21028 
2  0 0 0.21046 
2  0 0 0.19672 
2  0 0 0.18634 
2  1 0.8944 0.90202 
