2  0 0 inf 
2  0 0 0.99268 
2  0 0 0.99022 
2  0 0 0.99 
2  0 0 0.98796 
2  0 0 0.9824 
2  0 0 0.9823 
2  0 0 0.97858 
2  0 0 0.97728 
2  0 0 0.97715 
2  0 0 0.96385 
2  0 0 0.95885 
2  0 0 0.95807 
2  0 0 0.95415 
2  0 0 0.95281 
2  0 0 0.94331 
2  0 0 0.94067 
2  0 0 0.93565 
2  0 0 0.92419 
2  0 0 0.92244 
2  0 0 0.92157 
2  0 0 0.91942 
2  0 0 0.91563 
2  0 0 0.91476 
2  1 0.9449 1.84769 
2  0 0 0.9026 
2  0 0 0.88822 
2  0 0 0.8881 
2  0 0 0.88663 
2  0 0 0.87083 
2  0 0 0.86838 
2  0 0 0.8678 
2  0 0 0.8475 
2  1 0.9982 1.82502 
2  1 0.9567 1.78342 
2  0 0 0.82644 
2  0 0 0.8264 
2  1 0.9997 1.82414 
2  0 0 0.8224 
2  1 0.9175 1.73967 
2  1 0.97902 1.7907 
2  0 0 0.79729 
2  1 0.92612 1.7153 
2  0 0 0.7768 
2  1 0.92656 1.70336 
2  0 0 0.7763 
2  1 0.94325 1.7153 
2  1 0.98247 1.7529 
2  1 0.92309 1.69323 
2  1 0.98311 1.7529 
2  1 0.99073 1.7529 
2  1 0.92703 1.6872 
2  0 0 0.75763 
2  1 0.9684 1.725 
2  1 0.99647 1.725 
2  0 0 0.72044 
2  1 0.99322 1.7105 
2  1 0.9935 1.69323 
2  1 0.9969 1.6872 
2  0 0 0.6825 
2  0 0 0.657 
2  0 0 0.64716 
2  0 0 0.6079 
2  0 0 0.56597 
2  0 0 0.5649 
2  1 0.8821 1.44445 
2  1 0.90257 1.4338 
2  1 0.95107 1.4333 
2  1 0.93144 1.3553 
2  1 0.95047 1.36707 
2  1 0.94795 1.36455 
2  0 0 0.4166 
2  1 0.9444 1.361 
2  1 0.97231 1.38045 
2  0 0 0.3571 
2  1 0.96685 1.21313 
2  0 0 0.20586 
2  0 0 0.18634 
2  1 0.85875 1 
2  1 0.93592 1.07424 
2  1 0.93522 1 
2  1 0.9583 1 
2  1 0.96101 0.9982 
2  1 0.96106 0.9982 
2  1 0.96336 0.9982 
2  1 0.8944 0.9238 
2  1 0.97439 1 
2  1 0.9811 0.9982 
2  2 1.3553 1.37076 
2  1 0.98321 0.9982 
2  1 0.91327 0.9238 
2  1 0.98835 0.9982 
2  1 0.99046 0.9982 
2  2 1.69989 1.70383 
