2  0 0 inf 
2  0 0 0.9964 
2  0 0 0.99484 
2  0 0 0.99022 
2  0 0 0.99 
2  0 0 0.98165 
2  0 0 0.97564 
2  1 0.99581 1.97048 
2  0 0 0.96275 
2  0 0 0.96141 
2  0 0 0.95415 
2  0 0 0.95281 
2  0 0 0.9526 
2  0 0 0.94795 
2  0 0 0.93997 
2  0 0 0.9378 
2  1 0.99955 1.9358 
2  0 0 0.9298 
2  0 0 0.9214 
2  0 0 0.91942 
2  0 0 0.9175 
2  0 0 0.91476 
2  0 0 0.8903 
2  0 0 0.8742 
2  0 0 0.87083 
2  0 0 0.86838 
2  0 0 0.85664 
2  0 0 0.84953 
2  0 0 0.8284 
2  0 0 0.82644 
2  0 0 0.80963 
2  0 0 0.8038 
2  0 0 0.7953 
2  0 0 0.79175 
2  1 0.9135 1.69931 
2  0 0 0.7768 
2  0 0 0.7763 
2  0 0 0.6969 
2  0 0 0.687 
2  0 0 0.6825 
2  0 0 0.657 
2  0 0 0.64716 
2  1 0.9528 1.59511 
2  1 0.92309 1.54974 
2  0 0 0.6079 
2  1 0.9628 1.56658 
2  1 0.99733 1.59996 
2  1 0.99322 1.59446 
2  1 0.92433 1.51196 
2  1 0.9832 1.56856 
2  1 0.9311 1.5038 
2  0 0 0.56597 
2  0 0 0.5649 
2  1 0.9982 1.56066 
2  1 0.9473 1.4967 
2  0 0 0.54193 
2  1 0.91563 1.36837 
2  1 0.93979 1.37765 
2  1 0.9444 1.37765 
2  1 0.9611 1.37765 
2  1 0.97012 1.37765 
2  1 0.97035 1.37765 
2  1 0.83573 1.22893 
2  1 0.99125 1.37765 
2  1 0.9978 1.37765 
2  0 0 0.2612 
2  0 0 0.21046 
2  0 0 0.20586 
2  0 0 0.19672 
2  1 0.96385 1.16002 
2  0 0 0.18634 
2  1 0.97373 1.15846 
2  1 0.85875 1 
2  1 0.96685 1.1079 
2  1 0.93592 1.07424 
2  1 0.90957 0.99761 
2  1 0.94331 1 
2  1 0.9488 0.9997 
2  1 0.95107 1 
2  1 0.96399 1 
2  1 0.96574 1 
2  1 0.96876 1 
2  1 0.97231 1 
2  1 0.981 1 
2  1 0.9175 0.9238 
