2  0 0 inf 
2  0 0 0.99268 
2  0 0 0.99022 
2  0 0 0.99 
2  0 0 0.98796 
2  0 0 0.9823 
2  0 0 0.97728 
2  0 0 0.97688 
2  0 0 0.97049 
2  0 0 0.9653 
2  0 0 0.96126 
2  0 0 0.95807 
2  0 0 0.95415 
2  1 0.98418 1.93579 
2  0 0 0.94067 
2  0 0 0.93997 
2  0 0 0.93565 
2  0 0 0.93563 
2  0 0 0.93313 
2  0 0 0.9298 
2  0 0 0.92703 
2  0 0 0.92495 
2  0 0 0.92419 
2  0 0 0.92254 
2  0 0 0.9217 
2  0 0 0.92157 
2  0 0 0.91942 
2  0 0 0.9175 
2  0 0 0.91476 
2  1 0.9414 1.84859 
2  0 0 0.90539 
2  0 0 0.9026 
2  1 0.9528 1.85186 
2  0 0 0.8962 
2  0 0 0.89504 
2  0 0 0.8944 
2  0 0 0.88822 
2  1 0.92654 1.81076 
2  1 0.9329 1.81076 
2  1 0.9301 1.80763 
2  0 0 0.8742 
2  0 0 0.8678 
2  1 0.94313 1.81076 
2  0 0 0.86675 
2  0 0 0.86157 
2  0 0 0.8564 
2  1 0.9935 1.84859 
2  1 0.94795 1.7972 
2  1 0.92519 1.759 
2  0 0 0.8284 
2  1 0.99268 1.82108 
2  0 0 0.82644 
2  0 0 0.8264 
2  1 0.92532 1.7508 
2  1 0.99733 1.81076 
2  1 0.9824 1.79124 
2  1 0.92244 1.7306 
2  1 0.98428 1.79124 
2  1 0.99073 1.79124 
2  0 0 0.79847 
2  1 0.99322 1.79124 
2  1 0.9997 1.78537 
2  1 0.9449 1.7242 
2  1 0.9969 1.7739 
2  1 0.9175 1.6942 
2  1 0.9684 1.72637 
2  1 0.9982 1.7508 
2  1 0.9997 1.7306 
2  1 0.9398 1.6367 
2  0 0 0.6969 
2  0 0 0.687 
2  0 0 0.657 
2  0 0 0.6079 
2  1 0.92275 1.51533 
2  1 0.93979 1.5154 
2  0 0 0.57365 
2  1 0.95047 1.5154 
2  0 0 0.5649 
2  1 0.95416 1.51344 
2  1 0.96403 1.5154 
2  1 0.99125 1.5154 
2  0 0 0.4425 
2  0 0 0.295 
2  0 0 0.2612 
2  0 0 0.2308 
2  1 0.9625 1.18155 
2  0 0 0.19672 
2  0 0 0.18634 
2  1 0.82833 1 
2  1 0.85875 1 
2  1 0.91269 1 
2  2 1.85544 1.9172 
2  3 2.40362 2.46335 
2  1 0.94331 1 
2  1 0.95107 1 
2  1 0.95885 0.9982 
2  1 0.96336 0.9982 
2  1 0.96876 1 
2  1 0.97774 1 
2  1 0.9842 1 
2  1 0.98321 0.9982 
2  3 1.91988 1.92502 
2  1 0.8648 0.8691 
