2  0 0 inf 
2  0 0 0.9984 
2  0 0 0.99733 
2  0 0 0.99649 
2  0 0 0.99322 
2  0 0 0.99075 
2  0 0 0.98691 
2  0 0 0.98683 
2  0 0 0.98511 
2  0 0 0.98511 
2  0 0 0.9823 
2  0 0 0.97728 
2  0 0 0.97679 
2  0 0 0.97564 
2  1 0.99808 1.97218 
2  0 0 0.97206 
2  0 0 0.9653 
2  0 0 0.96399 
2  0 0 0.96126 
2  0 0 0.95807 
2  0 0 0.95415 
2  0 0 0.93997 
2  0 0 0.93416 
2  0 0 0.93313 
2  0 0 0.93175 
2  0 0 0.93144 
2  0 0 0.92495 
2  0 0 0.92419 
2  0 0 0.92383 
2  0 0 0.92254 
2  0 0 0.91942 
2  0 0 0.9175 
2  1 0.9228 1.8403 
2  0 0 0.91563 
2  0 0 0.9154 
2  0 0 0.91476 
2  0 0 0.90257 
2  0 0 0.90096 
2  0 0 0.89575 
2  1 0.9986 1.89088 
2  0 0 0.8903 
2  0 0 0.8825 
2  0 0 0.8742 
2  0 0 0.86675 
2  0 0 0.86642 
2  0 0 0.85664 
2  0 0 0.8475 
2  0 0 0.84543 
2  0 0 0.83768 
2  1 0.9939 1.82773 
2  0 0 0.8284 
2  0 0 0.82833 
2  0 0 0.82644 
2  0 0 0.8224 
2  1 0.9311 1.75104 
2  1 0.93414 1.75104 
2  0 0 0.81195 
2  0 0 0.80963 
2  0 0 0.8076 
2  1 0.9452 1.75104 
2  1 0.9564 1.76217 
2  1 0.96426 1.76217 
2  0 0 0.7953 
2  0 0 0.79175 
2  1 0.99654 1.78774 
2  1 0.98004 1.76217 
2  1 0.98555 1.76217 
2  1 0.99328 1.76217 
2  1 0.9958 1.76217 
2  1 0.99774 1.76217 
2  0 0 0.75763 
2  1 0.92285 1.66008 
2  1 0.926 1.66008 
2  1 0.92612 1.6376 
2  0 0 0.6969 
2  0 0 0.687 
2  0 0 0.657 
2  1 0.9488 1.59996 
2  0 0 0.64716 
2  1 0.94313 1.59029 
2  0 0 0.64431 
2  1 0.9301 1.56658 
2  1 0.92654 1.54974 
2  0 0 0.6079 
2  1 0.99733 1.59996 
2  1 0.93592 1.51514 
2  1 0.93292 1.51196 
2  1 0.93643 1.51514 
2  1 0.93979 1.51514 
2  0 0 0.57365 
2  0 0 0.56597 
2  1 0.95047 1.51514 
2  1 0.95597 1.51514 
2  1 0.9611 1.51514 
2  1 0.96403 1.51514 
2  1 0.9528 1.5038 
2  1 0.92275 1.47263 
2  1 0.97035 1.51514 
2  1 0.9567 1.50095 
2  1 0.9978 1.51514 
2  1 0.9407 1.41985 
2  1 0.97373 1.4519 
2  1 0.87083 1.33131 
2  0 0 0.4425 
2  0 0 0.2308 
2  0 0 0.21046 
2  0 0 0.20586 
2  0 0 0.19672 
2  0 0 0.18634 
2  1 0.90957 0.99761 
2  1 0.91269 1 
2  1 0.91403 1 
2  1 0.93238 1 
2  1 0.85875 0.9238 
2  1 0.93565 0.9982 
2  1 0.94331 1 
2  1 0.86838 0.9238 
2  1 0.9526 1 
2  1 0.95885 0.9982 
2  1 0.96106 0.9982 
2  1 0.96336 0.9982 
2  1 0.96574 1 
2  2 1.64963 1.67675 
2  1 0.97774 1 
2  1 0.97825 1 
2  1 0.981 1 
2  1 0.98321 0.9982 
2  1 0.98732 0.9982 
2  1 0.8944 0.90202 
2  1 0.99076 0.9982 
2  1 0.9625 0.96886 
