2  0 0 inf 
2  0 0 0.99774 
2  0 0 0.99076 
2  0 0 0.99022 
2  0 0 0.99 
2  0 0 0.98796 
2  0 0 0.98691 
2  0 0 0.97935 
2  0 0 0.9781 
2  0 0 0.97728 
2  0 0 0.97715 
2  0 0 0.97688 
2  0 0 0.97679 
2  0 0 0.97564 
2  0 0 0.9653 
2  0 0 0.96399 
2  0 0 0.96275 
2  0 0 0.95807 
2  0 0 0.94827 
2  0 0 0.9464 
2  0 0 0.93563 
2  0 0 0.93416 
2  0 0 0.93313 
2  0 0 0.93189 
2  0 0 0.9298 
2  0 0 0.92687 
2  0 0 0.926 
2  0 0 0.92419 
2  0 0 0.9217 
2  0 0 0.91942 
2  0 0 0.9097 
2  0 0 0.9026 
2  1 0.9603 1.86163 
2  0 0 0.89504 
2  0 0 0.8903 
2  0 0 0.88822 
2  1 0.96101 1.84533 
2  0 0 0.8825 
2  1 1 1.87734 
2  0 0 0.87558 
2  0 0 0.8742 
2  0 0 0.87083 
2  0 0 0.86838 
2  0 0 0.8678 
2  0 0 0.86642 
2  0 0 0.8564 
2  0 0 0.84953 
2  0 0 0.8475 
2  0 0 0.84543 
2  0 0 0.83768 
2  0 0 0.83573 
2  1 0.9567 1.79243 
2  0 0 0.82644 
2  0 0 0.8264 
2  0 0 0.8224 
2  0 0 0.81371 
2  0 0 0.8076 
2  1 0.9329 1.73967 
2  1 0.9564 1.76146 
2  1 0.96426 1.76146 
2  0 0 0.7953 
2  0 0 0.79175 
2  1 0.9135 1.69924 
2  1 0.92519 1.70199 
2  1 0.92157 1.69837 
2  0 0 0.7768 
2  1 0.92656 1.70336 
2  1 0.92612 1.70292 
2  1 0.92532 1.70212 
2  0 0 0.7763 
2  1 0.98555 1.76146 
2  1 0.9958 1.76146 
2  1 0.93292 1.66008 
2  0 0 0.72264 
2  0 0 0.72044 
2  1 0.98165 1.70074 
2  1 0.98315 1.70074 
2  1 0.98418 1.70074 
2  1 0.98502 1.70074 
2  1 0.9982 1.70292 
2  1 0.9997 1.69837 
2  0 0 0.6969 
2  1 0.91287 1.6005 
2  1 0.92703 1.6005 
2  1 0.92654 1.59996 
2  0 0 0.657 
2  1 0.9488 1.59996 
2  1 0.93563 1.5828 
2  0 0 0.64716 
2  1 0.92244 1.56066 
2  1 0.9301 1.56658 
2  1 0.93925 1.56658 
2  1 0.9228 1.53538 
2  1 0.92285 1.53538 
2  0 0 0.6079 
2  1 0.9628 1.56658 
2  1 0.99733 1.59996 
2  1 0.99322 1.59446 
2  0 0 0.57365 
2  0 0 0.5649 
2  1 0.9473 1.51196 
2  1 0.9982 1.56066 
2  1 0.9528 1.51196 
2  1 0.95333 1.51196 
2  0 0 0.54193 
2  1 0.94384 1.46134 
2  1 0.93592 1.43328 
2  1 0.97902 1.46879 
2  1 0.9823 1.46879 
2  1 0.9938 1.46879 
2  1 0.9939 1.46879 
2  1 0.91563 1.3553 
2  1 0.93565 1.3553 
2  1 0.95047 1.36707 
2  0 0 0.4166 
2  1 0.95885 1.36455 
2  1 0.9811 1.37765 
2  0 0 0.3571 
2  1 0.94795 1.18909 
2  0 0 0.21046 
2  0 0 0.20602 
2  0 0 0.20586 
2  0 0 0.19672 
2  0 0 0.18634 
2  1 0.85875 1 
2  1 0.90957 0.99761 
2  1 0.94331 1 
2  1 0.95107 1 
2  1 0.9526 1 
2  1 0.96106 0.9982 
2  1 0.96876 1 
2  1 0.97231 1 
2  1 0.97173 0.9982 
2  2 1.765 1.79119 
2  1 0.97439 1 
2  1 0.981 1 
2  1 0.9842 1 
2  1 0.98321 0.9982 
2  1 0.98732 0.9982 
2  1 0.91327 0.9238 
2  1 0.98835 0.9982 
2  1 0.99046 0.9982 
2  1 0.99115 0.9982 
2  1 0.9175 0.9238 
2  2 1.9897 1.99354 
