2  0 0 inf 
2  0 0 0.9959 
2  0 0 0.99581 
2  1 0.99649 1.99171 
2  0 0 0.99322 
2  0 0 0.99076 
2  0 0 0.98796 
2  0 0 0.9871 
2  0 0 0.98691 
2  0 0 0.98511 
2  0 0 0.97809 
2  0 0 0.97715 
2  0 0 0.97301 
2  0 0 0.97206 
2  0 0 0.96336 
2  0 0 0.96275 
2  0 0 0.96141 
2  0 0 0.96126 
2  0 0 0.95807 
2  0 0 0.9464 
2  0 0 0.94384 
2  0 0 0.9407 
2  0 0 0.93997 
2  0 0 0.93643 
2  0 0 0.93175 
2  0 0 0.9298 
2  0 0 0.926 
2  0 0 0.92419 
2  0 0 0.9217 
2  0 0 0.92164 
2  0 0 0.92157 
2  0 0 0.9214 
2  0 0 0.91942 
2  0 0 0.9175 
2  0 0 0.9154 
2  0 0 0.91476 
2  0 0 0.91476 
2  1 0.9911 1.90586 
2  0 0 0.9097 
2  1 0.93563 1.84454 
2  0 0 0.89973 
2  0 0 0.89337 
2  0 0 0.88822 
2  0 0 0.88663 
2  0 0 0.88106 
2  0 0 0.87558 
2  1 0.9414 1.81698 
2  1 0.92163 1.79412 
2  0 0 0.87083 
2  1 0.96101 1.8311 
2  1 0.93292 1.80158 
2  0 0 0.8678 
2  0 0 0.86675 
2  1 1 1.86325 
2  0 0 0.86157 
2  1 0.92285 1.78261 
2  0 0 0.8564 
2  1 0.92703 1.78079 
2  1 0.9564 1.80813 
2  1 0.9808 1.8317 
2  0 0 0.84953 
2  0 0 0.8475 
2  0 0 0.83768 
2  0 0 0.8284 
2  1 0.9567 1.7851 
2  0 0 0.82833 
2  1 0.93682 1.76483 
2  1 0.98555 1.80813 
2  1 0.99328 1.80813 
2  0 0 0.81195 
2  1 0.99774 1.80813 
2  0 0 0.80963 
2  0 0 0.8076 
2  0 0 0.79729 
2  1 0.92433 1.71434 
2  1 0.92656 1.7153 
2  1 0.9228 1.70851 
2  1 0.9978 1.78342 
2  1 0.92309 1.7039 
2  1 0.9329 1.70851 
2  1 0.93414 1.69925 
2  0 0 0.75763 
2  1 0.92612 1.68278 
2  1 0.9446 1.67675 
2  1 0.92654 1.64963 
2  0 0 0.72044 
2  1 0.9628 1.68278 
2  0 0 0.687 
2  1 0.99733 1.68278 
2  0 0 0.6825 
2  1 0.9994 1.67675 
2  1 0.9982 1.64963 
2  0 0 0.64716 
2  1 0.9684 1.59996 
2  1 0.922 1.53538 
2  1 0.92254 1.53538 
2  0 0 0.6079 
2  1 0.9603 1.56658 
2  1 0.9832 1.56856 
2  1 0.93563 1.51196 
2  0 0 0.56597 
2  1 0.9511 1.51391 
2  1 0.9528 1.51196 
2  1 0.98732 1.52925 
2  0 0 0.54193 
2  1 0.99115 1.53307 
2  1 0.99046 1.53215 
2  1 0.98321 1.51921 
2  1 0.94331 1.41985 
2  1 0.93592 1.37765 
2  1 0.93979 1.37765 
2  1 0.92275 1.34952 
2  1 0.95885 1.37765 
2  0 0 0.4166 
2  1 0.96106 1.37765 
2  1 0.97173 1.37765 
2  1 0.9811 1.37765 
2  1 0.83573 1.22893 
2  2 1.99239 2.37414 
2  0 0 0.3571 
2  0 0 0.2612 
2  1 0.94795 1.18909 
2  1 0.96385 1.18395 
2  1 0.97373 1.18395 
2  0 0 0.20602 
2  2 1.95446 2.14536 
2  0 0 0.18634 
2  1 0.96685 1.1079 
2  1 0.91269 1 
2  1 0.93522 1 
2  1 0.9526 1 
2  1 0.8825 0.9238 
2  1 0.96399 1 
2  1 0.96574 1 
2  1 0.96876 1 
2  1 0.96913 1 
2  1 0.8944 0.9238 
2  1 0.97231 1 
2  1 0.97439 1 
2  1 0.97774 1 
2  1 0.97825 1 
2  1 0.91327 0.9238 
2  2 1.80706 1.81664 
2  1 0.9922 1 
2  1 0.9175 0.9238 
2  1 0.8648 0.8691 
2  3 1.86935 1.87326 
2  2 1.84533 1.84885 
2  2 1.82246 1.82353 
2  2 1.84485 1.84539 
