2  0 0 inf 
2  0 0 0.99774 
2  0 0 0.98796 
2  0 0 0.9823 
2  0 0 0.9781 
2  0 0 0.97715 
2  0 0 0.97679 
2  0 0 0.97564 
2  0 0 0.9749 
2  0 0 0.97049 
2  0 0 0.96913 
2  0 0 0.96275 
2  0 0 0.96126 
2  0 0 0.96101 
2  0 0 0.9564 
2  0 0 0.9526 
2  0 0 0.95047 
2  0 0 0.94827 
2  0 0 0.94699 
2  0 0 0.94663 
2  0 0 0.9464 
2  0 0 0.9407 
2  0 0 0.93997 
2  0 0 0.93788 
2  1 0.99328 1.92864 
2  0 0 0.93416 
2  0 0 0.93175 
2  0 0 0.92532 
2  1 0.96426 1.88831 
2  0 0 0.9214 
2  1 0.97711 1.89842 
2  0 0 0.91942 
2  1 0.98004 1.89842 
2  0 0 0.9175 
2  0 0 0.9175 
2  0 0 0.91476 
2  0 0 0.9097 
2  1 0.9958 1.89842 
2  0 0 0.9026 
2  0 0 0.90096 
2  1 0.9994 1.89842 
2  0 0 0.8962 
2  0 0 0.89608 
2  0 0 0.8944 
2  0 0 0.8903 
2  0 0 0.88822 
2  0 0 0.88663 
2  0 0 0.87558 
2  0 0 0.87083 
2  0 0 0.86675 
2  1 0.97012 1.82778 
2  1 0.94325 1.79989 
2  0 0 0.85664 
2  0 0 0.85488 
2  1 0.9729 1.8197 
2  0 0 0.83768 
2  0 0 0.82644 
2  0 0 0.8264 
2  1 0.93414 1.75921 
2  0 0 0.8224 
2  1 0.92244 1.7439 
2  1 0.94067 1.75921 
2  1 0.92656 1.7439 
2  0 0 0.80963 
2  1 0.9866 1.79558 
2  1 0.99955 1.79989 
2  1 0.9452 1.7439 
2  0 0 0.79729 
2  0 0 0.7953 
2  0 0 0.7768 
2  0 0 0.7763 
2  1 0.92309 1.69323 
2  1 0.9329 1.69323 
2  1 0.93292 1.68309 
2  1 0.92654 1.66008 
2  1 0.9628 1.69323 
2  0 0 0.72264 
2  1 0.97934 1.70074 
2  1 0.98165 1.70074 
2  1 0.9414 1.66008 
2  1 0.9488 1.66008 
2  1 0.9824 1.69313 
2  0 0 0.6969 
2  1 0.92212 1.6005 
2  0 0 0.66785 
2  1 0.95415 1.61832 
2  0 0 0.657 
2  1 0.91287 1.5688 
2  0 0 0.64716 
2  1 0.9982 1.63797 
2  1 0.9026 1.54156 
2  0 0 0.62772 
2  1 0.93925 1.56658 
2  1 0.92703 1.54974 
2  1 0.92519 1.54546 
2  1 0.8983 1.51196 
2  1 0.922 1.53538 
2  1 0.92285 1.53538 
2  0 0 0.6079 
2  1 0.981 1.5716 
2  0 0 0.56597 
2  0 0 0.5649 
2  1 0.9511 1.51391 
2  1 0.94116 1.5038 
2  1 0.8821 1.44445 
2  1 0.95333 1.51196 
2  0 0 0.54193 
2  1 0.9398 1.4737 
2  1 0.90257 1.4338 
2  1 0.90539 1.4333 
2  1 0.95511 1.45429 
2  1 0.93592 1.29557 
2  1 0.93979 1.29557 
2  1 0.9444 1.29557 
2  1 0.9567 1.29557 
2  1 0.9611 1.29557 
2  1 0.83573 1.16965 
2  1 0.97996 1.29557 
2  1 0.9811 1.29557 
2  1 0.94795 1.18909 
2  0 0 0.21046 
2  0 0 0.20586 
2  1 0.91563 1.11989 
2  1 0.96385 1.16002 
2  0 0 0.18634 
2  1 0.97373 1.15846 
2  1 0.96685 1.1079 
2  1 0.91403 1.0323 
2  1 0.93238 1.0323 
2  1 0.93522 1.0323 
2  1 0.95107 1.0323 
2  1 0.96574 1.0323 
2  1 0.97196 1.0323 
2  1 0.97231 1.0323 
2  1 0.97774 1.0323 
2  1 0.97825 1.0323 
