2  0 0 inf 
2  0 0 0.99774 
2  0 0 0.99647 
2  0 0 0.99075 
2  0 0 0.99022 
2  0 0 0.98683 
2  0 0 0.98165 
2  0 0 0.97935 
2  0 0 0.97809 
2  0 0 0.97715 
2  0 0 0.9749 
2  0 0 0.97411 
2  0 0 0.97012 
2  0 0 0.9653 
2  0 0 0.96275 
2  0 0 0.96141 
2  0 0 0.96126 
2  0 0 0.9587 
2  0 0 0.94827 
2  0 0 0.94699 
2  0 0 0.9464 
2  1 0.98502 1.92992 
2  1 0.98511 1.92864 
2  0 0 0.93997 
2  0 0 0.9398 
2  0 0 0.93563 
2  1 0.98653 1.9211 
2  0 0 0.93416 
2  0 0 0.93313 
2  0 0 0.9329 
2  0 0 0.93144 
2  0 0 0.9301 
2  0 0 0.9298 
2  0 0 0.92687 
2  0 0 0.92648 
2  1 0.94384 1.86996 
2  0 0 0.92419 
2  0 0 0.92244 
2  0 0 0.9217 
2  0 0 0.92163 
2  0 0 0.92157 
2  0 0 0.9175 
2  0 0 0.9175 
2  0 0 0.91476 
2  1 0.93682 1.8504 
2  0 0 0.9135 
2  0 0 0.91327 
2  1 0.92309 1.835 
2  1 0.9603 1.86996 
2  0 0 0.9026 
2  0 0 0.90096 
2  1 0.98691 1.88557 
2  0 0 0.8903 
2  1 0.99076 1.88105 
2  1 0.93925 1.82753 
2  0 0 0.88822 
2  1 0.94795 1.83594 
2  1 0.9628 1.84921 
2  1 1 1.87745 
2  0 0 0.86642 
2  1 0.9729 1.83852 
2  1 0.9994 1.86416 
2  0 0 0.85664 
2  1 0.99733 1.8504 
2  0 0 0.8475 
2  0 0 0.84543 
2  1 0.96336 1.79875 
2  1 0.96426 1.7929 
2  0 0 0.8284 
2  0 0 0.82644 
2  0 0 0.8224 
2  1 0.97711 1.7929 
2  0 0 0.81195 
2  0 0 0.80963 
2  1 0.9407 1.7501 
2  1 0.94067 1.72703 
2  1 0.92285 1.70383 
2  1 0.92519 1.70199 
2  0 0 0.7768 
2  1 0.92612 1.70292 
2  1 0.94116 1.70199 
2  0 0 0.75763 
2  1 0.9452 1.69924 
2  1 0.9449 1.69837 
2  0 0 0.72044 
2  1 0.92703 1.63435 
2  1 0.9982 1.70292 
2  1 0.9982 1.69924 
2  1 0.9997 1.69837 
2  1 0.9446 1.63435 
2  3 1.92743 2.61674 
2  0 0 0.687 
2  0 0 0.6825 
2  0 0 0.6079 
2  0 0 0.57365 
2  0 0 0.5649 
2  1 0.86838 1.41985 
2  0 0 0.54193 
2  1 0.98306 1.46879 
2  1 0.91563 1.36837 
2  1 0.93643 1.37765 
2  1 0.93979 1.37765 
2  1 0.95047 1.37765 
2  1 0.9567 1.37765 
2  1 0.97996 1.37765 
2  1 0.9811 1.37765 
2  1 0.83573 1.22893 
2  1 0.99125 1.37765 
2  1 0.9978 1.37765 
2  2 1.99714 2.33483 
2  0 0 0.2612 
2  0 0 0.21046 
2  0 0 0.20602 
2  0 0 0.20586 
2  0 0 0.19672 
2  1 0.96385 1.16002 
2  0 0 0.18634 
2  1 0.93592 1.07424 
2  1 0.8944 1 
2  1 0.98796 1.08702 
2  1 0.93238 1 
2  1 0.93565 0.9982 
2  2 1.88844 1.94384 
2  1 0.9656 1.01278 
2  1 0.95885 0.9982 
2  1 0.96399 1 
2  1 0.96574 1 
2  1 0.96876 1 
2  1 0.97439 1 
2  1 0.97774 1 
2  1 0.98196 0.9982 
2  1 0.9842 1 
2  1 0.98835 0.9982 
2  2 1.8904 1.89955 
2  1 0.99046 0.9982 
