2  0 0 inf 
2  0 0 0.99322 
2  0 0 0.98796 
2  0 0 0.98272 
2  0 0 0.9823 
2  0 0 0.97012 
2  1 0.9978 1.96792 
2  1 0.9969 1.96503 
2  0 0 0.9625 
2  0 0 0.96101 
2  0 0 0.9603 
2  0 0 0.95415 
2  0 0 0.92532 
2  0 0 0.92383 
2  0 0 0.9228 
2  0 0 0.92163 
2  0 0 0.9214 
2  0 0 0.9097 
2  0 0 0.90257 
2  1 0.99647 1.89149 
2  0 0 0.88822 
2  1 0.96886 1.84547 
2  0 0 0.86675 
2  1 0.98306 1.84547 
2  1 0.98806 1.84547 
2  0 0 0.85664 
2  1 0.9684 1.82421 
2  0 0 0.84953 
2  1 0.92433 1.73775 
2  1 0.9311 1.70617 
2  0 0 0.64716 
2  1 0.92309 1.54974 
2  1 0.95281 1.56856 
2  1 0.922 1.53538 
2  1 0.9511 1.51391 
2  1 0.92541 0.9997 
2  1 0.93414 0.9997 
2  1 0.9628 0.9997 
2  1 0.96336 0.9982 
2  2 1.75211 1.77387 
