2  0 0 inf 
2  0 0 inf 
2  0 0 0.99022 
2  0 0 0.99 
2  0 0 0.98796 
2  0 0 0.9824 
2  0 0 0.9823 
2  0 0 0.97858 
2  0 0 0.97715 
2  0 0 0.97679 
2  0 0 0.97012 
2  0 0 0.96385 
2  0 0 0.96141 
2  0 0 0.96126 
2  1 0.98835 1.94721 
2  0 0 0.95885 
2  1 0.98196 1.94081 
2  0 0 0.95807 
2  0 0 0.9526 
2  0 0 0.94844 
2  0 0 0.94827 
2  0 0 0.94663 
2  0 0 0.9464 
2  0 0 0.94331 
2  0 0 0.94325 
2  0 0 0.93643 
2  0 0 0.93563 
2  0 0 0.93416 
2  0 0 0.93189 
2  0 0 0.92419 
2  0 0 0.92309 
2  0 0 0.9217 
2  0 0 0.91942 
2  0 0 0.9175 
2  0 0 0.91476 
2  0 0 0.91287 
2  0 0 0.90539 
2  0 0 0.8983 
2  0 0 0.89575 
2  0 0 0.8944 
2  1 0.94116 1.83393 
2  0 0 0.8742 
2  1 0.9808 1.85163 
2  0 0 0.87083 
2  0 0 0.86675 
2  0 0 0.86642 
2  0 0 0.86157 
2  0 0 0.85664 
2  0 0 0.8564 
2  0 0 0.84953 
2  1 0.94795 1.7972 
2  0 0 0.84634 
2  0 0 0.83768 
2  0 0 0.8284 
2  0 0 0.8224 
2  1 0.9449 1.7508 
2  1 0.9982 1.79989 
2  0 0 0.79847 
2  1 0.96426 1.76217 
2  0 0 0.79729 
2  1 0.9452 1.7306 
2  1 0.98004 1.76217 
2  1 0.92433 1.70617 
2  1 0.98555 1.76217 
2  1 0.9628 1.73564 
2  1 0.9311 1.70248 
2  1 0.9911 1.76217 
2  1 0.93292 1.69925 
2  0 0 0.75763 
2  1 0.9414 1.69323 
2  0 0 0.72044 
2  1 0.99322 1.70851 
2  1 0.99733 1.70248 
2  0 0 0.687 
2  0 0 0.6079 
2  0 0 0.57365 
2  0 0 0.5649 
2  0 0 0.54193 
2  1 0.91563 1.37765 
2  1 0.93592 1.37765 
2  1 0.93682 1.37765 
2  1 0.93979 1.37765 
2  1 0.9567 1.37765 
2  1 0.96403 1.37765 
2  1 0.96869 1.37765 
2  1 0.97035 1.37765 
2  1 0.97231 1.37765 
2  1 0.97996 1.37765 
2  1 0.83573 1.22893 
2  1 0.99125 1.37765 
2  1 0.9978 1.37765 
2  2 1.95911 2.33875 
2  0 0 0.295 
2  0 0 0.2612 
2  0 0 0.2308 
2  0 0 0.21046 
2  0 0 0.20602 
2  0 0 0.20586 
2  0 0 0.18634 
2  1 0.97373 1.15846 
2  1 0.82833 1 
2  1 0.85875 1 
2  1 0.91269 1 
2  1 0.92532 0.9997 
2  1 0.9625 1.03434 
2  1 0.93414 0.9997 
2  1 0.9473 0.9997 
2  1 0.95107 1 
2  1 0.9583 1 
2  1 0.96399 1 
2  1 0.96913 1 
2  1 0.97196 1 
2  1 0.97439 1 
2  1 0.97774 1 
2  1 0.981 1 
2  1 0.98511 1 
2  2 1.71434 1.72144 
2  1 0.9175 0.9238 
2  2 1.95911 1.96511 
2  1 0.8648 0.8691 
