2  0 0 inf 
2  0 0 0.9964 
2  0 0 0.99 
2  0 0 0.9871 
2  0 0 0.97858 
2  0 0 0.97715 
2  0 0 0.97711 
2  0 0 0.97679 
2  0 0 0.97411 
2  0 0 0.9694 
2  0 0 0.9653 
2  0 0 0.96275 
2  0 0 0.96141 
2  0 0 0.95807 
2  0 0 0.95415 
2  0 0 0.94844 
2  1 0.98315 1.93014 
2  1 0.98165 1.92864 
2  0 0 0.94699 
2  0 0 0.94663 
2  0 0 0.93997 
2  0 0 0.93563 
2  1 0.98653 1.9211 
2  1 0.99955 1.9321 
2  0 0 0.93175 
2  1 0.98511 1.91639 
2  0 0 0.9298 
2  0 0 0.92532 
2  0 0 0.92275 
2  0 0 0.92164 
2  0 0 0.91942 
2  1 0.94795 1.86358 
2  0 0 0.91563 
2  0 0 0.91287 
2  0 0 0.90539 
2  0 0 0.90257 
2  0 0 0.8881 
2  0 0 0.88663 
2  0 0 0.87083 
2  0 0 0.86838 
2  0 0 0.86675 
2  0 0 0.85664 
2  0 0 0.84953 
2  0 0 0.82833 
2  1 0.9997 1.82789 
2  1 0.95333 1.77573 
2  0 0 0.8224 
2  0 0 0.79175 
2  1 0.92433 1.7105 
2  1 0.926 1.70617 
2  1 0.93925 1.7105 
2  1 0.9311 1.69323 
2  0 0 0.72044 
2  1 0.99322 1.7105 
2  1 0.9935 1.69323 
2  0 0 0.6079 
2  0 0 0.56597 
2  1 0.95597 1.52194 
2  1 0.96403 1.52404 
2  1 0.9811 1.53282 
2  1 0.97035 1.52012 
2  1 0.96869 1.51442 
2  1 0.9611 1.50594 
2  1 0.99125 1.53282 
2  1 0.9444 1.48539 
2  1 0.9567 1.42261 
2  1 0.93592 1.3943 
2  0 0 0.4425 
2  0 0 0.2308 
2  0 0 0.21046 
2  0 0 0.20586 
2  1 0.8944 1.09856 
2  1 0.96385 1.16002 
2  1 0.96685 1.11989 
2  1 0.95416 1.07424 
2  1 0.90957 1 
2  1 0.91269 1 
2  1 0.91403 1 
2  1 0.93522 1 
2  2 1.87053 1.9308 
2  1 0.95107 1 
2  1 0.96399 1 
2  1 0.96876 1 
2  1 0.97196 1 
2  1 0.97231 1 
2  1 0.97439 1 
2  1 0.97825 1 
2  2 1.952 1.95576 
