2  0 0 inf 
2  0 0 0.9984 
2  0 0 0.99649 
2  0 0 0.99022 
2  0 0 0.98691 
2  0 0 0.98511 
2  0 0 0.97715 
2  0 0 0.97206 
2  0 0 0.96336 
2  0 0 0.96275 
2  0 0 0.96126 
2  0 0 0.95807 
2  0 0 0.95281 
2  0 0 0.9464 
2  0 0 0.9407 
2  0 0 0.93563 
2  0 0 0.93313 
2  0 0 0.93189 
2  0 0 0.93175 
2  0 0 0.93144 
2  0 0 0.92419 
2  0 0 0.922 
2  0 0 0.9217 
2  0 0 0.9214 
2  0 0 0.91942 
2  0 0 0.9175 
2  0 0 0.9175 
2  1 0.94116 1.85703 
2  0 0 0.91563 
2  0 0 0.9154 
2  0 0 0.91476 
2  0 0 0.90096 
2  0 0 0.89973 
2  0 0 0.8962 
2  1 0.9986 1.89088 
2  1 0.9414 1.82246 
2  0 0 0.88106 
2  0 0 0.86838 
2  0 0 0.86675 
2  1 0.9911 1.85752 
2  0 0 0.86642 
2  0 0 0.85488 
2  1 0.93925 1.78079 
2  1 0.9567 1.79604 
2  1 0.97035 1.79875 
2  0 0 0.8284 
2  0 0 0.80963 
2  0 0 0.8076 
2  0 0 0.8038 
2  0 0 0.79847 
2  0 0 0.7953 
2  0 0 0.7768 
2  1 0.99328 1.76262 
2  1 0.99774 1.76262 
2  0 0 0.75763 
2  0 0 0.6969 
2  0 0 0.687 
2  0 0 0.6825 
2  0 0 0.657 
2  0 0 0.64716 
2  0 0 0.64431 
2  1 0.9994 1.6376 
2  1 0.92309 1.54974 
2  1 0.9228 1.54156 
2  1 0.95333 1.56658 
2  0 0 0.6079 
2  1 0.9628 1.56658 
2  1 0.9832 1.56856 
2  0 0 0.56597 
2  1 0.9511 1.51391 
2  1 0.93643 1.4991 
2  1 0.9026 1.46278 
2  1 0.95597 1.51514 
2  1 0.96403 1.51514 
2  1 0.92519 1.4737 
2  1 0.93979 1.48074 
2  1 0.95047 1.49016 
2  1 0.97996 1.51237 
2  1 0.99125 1.51514 
2  1 0.9398 1.46278 
2  1 0.97373 1.37357 
2  1 0.87083 1.25297 
2  0 0 0.295 
2  1 0.92275 1.21028 
2  1 0.94795 1.21313 
2  0 0 0.2612 
2  1 0.96385 1.18395 
2  0 0 0.21046 
2  1 0.96685 1.17523 
2  1 0.98428 1.1829 
2  0 0 0.19672 
2  1 0.82833 1 
2  3 1.9172 2.04708 
2  1 0.8944 1 
2  1 0.93238 1 
2  1 0.94331 1 
2  1 0.9473 0.9997 
2  1 0.9488 0.9997 
2  1 0.96101 0.9982 
2  1 0.96106 0.9982 
2  1 0.96574 1 
2  1 0.96913 1 
2  1 0.97231 1 
2  1 0.97173 0.9982 
2  1 0.97774 1 
2  1 0.97825 1 
2  2 1.8768 1.89786 
2  1 0.981 1 
2  2 1.95446 1.97308 
2  1 0.98196 0.9982 
2  1 0.98732 0.9982 
2  1 0.99046 0.9982 
2  1 0.8648 0.8691 
