2  0 0 inf 
2  0 0 0.9964 
2  0 0 0.99484 
2  0 0 0.99268 
2  0 0 0.99022 
2  0 0 0.99 
2  0 0 0.98796 
2  0 0 0.9842 
2  0 0 0.97564 
2  1 0.99581 1.97048 
2  0 0 0.97301 
2  0 0 0.97049 
2  0 0 0.9653 
2  0 0 0.96275 
2  0 0 0.96141 
2  0 0 0.96106 
2  0 0 0.9587 
2  0 0 0.95415 
2  1 0.98165 1.93579 
2  0 0 0.95281 
2  0 0 0.9526 
2  0 0 0.94384 
2  0 0 0.93997 
2  0 0 0.9378 
2  0 0 0.93643 
2  1 0.99955 1.93579 
2  0 0 0.9298 
2  0 0 0.92495 
2  0 0 0.92383 
2  0 0 0.92254 
2  0 0 0.9214 
2  0 0 0.91942 
2  0 0 0.91476 
2  0 0 0.91269 
2  0 0 0.8903 
2  0 0 0.8825 
2  0 0 0.8742 
2  0 0 0.87083 
2  0 0 0.86838 
2  0 0 0.8678 
2  0 0 0.85664 
2  0 0 0.85488 
2  0 0 0.8514 
2  1 0.99812 1.84952 
2  0 0 0.84953 
2  0 0 0.83768 
2  0 0 0.8284 
2  0 0 0.82644 
2  0 0 0.8264 
2  0 0 0.8224 
2  0 0 0.81371 
2  0 0 0.81195 
2  0 0 0.80963 
2  0 0 0.8038 
2  0 0 0.7953 
2  1 0.98321 1.77681 
2  0 0 0.79175 
2  1 0.9135 1.69924 
2  1 0.9228 1.70851 
2  0 0 0.7768 
2  1 0.92656 1.70336 
2  1 0.9175 1.6942 
2  0 0 0.7763 
2  1 0.9329 1.70851 
2  1 0.94067 1.70336 
2  1 0.92612 1.64963 
2  1 0.93925 1.66008 
2  0 0 0.6969 
2  0 0 0.687 
2  0 0 0.6825 
2  0 0 0.657 
2  1 0.9935 1.64963 
2  1 0.9488 1.59996 
2  1 0.94795 1.59511 
2  0 0 0.64716 
2  1 0.94313 1.59029 
2  1 0.97809 1.62015 
2  1 0.9301 1.56658 
2  1 0.9982 1.63435 
2  1 0.98691 1.62015 
2  1 0.92244 1.54974 
2  1 0.92309 1.54974 
2  1 0.9939 1.62015 
2  1 0.92654 1.54974 
2  1 0.92519 1.54546 
2  1 1 1.62015 
2  1 0.8983 1.51196 
2  0 0 0.6079 
2  1 0.9603 1.56658 
2  1 0.99733 1.59996 
2  1 0.99322 1.59446 
2  1 0.97299 1.56658 
2  1 0.92433 1.51196 
2  1 0.9832 1.56856 
2  1 0.93292 1.51196 
2  1 0.9311 1.5038 
2  1 0.9729 1.54546 
2  0 0 0.56597 
2  0 0 0.5649 
2  1 0.94116 1.5038 
2  1 0.9982 1.56066 
2  1 0.9528 1.5038 
2  1 0.9473 1.4967 
2  0 0 0.54193 
2  1 0.91563 1.36837 
2  0 0 0.4425 
2  1 0.93682 1.361 
2  1 0.93144 1.3553 
2  0 0 0.4166 
2  1 0.97012 1.37765 
2  1 0.83573 1.22893 
2  1 0.99125 1.37765 
2  1 0.9978 1.37765 
2  0 0 0.3571 
2  0 0 0.2612 
2  0 0 0.2308 
2  0 0 0.21046 
2  0 0 0.20586 
2  0 0 0.19672 
2  1 0.96385 1.16002 
2  0 0 0.18634 
2  1 0.97373 1.15846 
2  1 0.85875 1 
2  1 0.96685 1.1079 
2  1 0.93592 1.07424 
2  1 0.90957 0.99761 
2  1 0.92532 0.9997 
2  1 0.93414 0.9997 
2  1 0.94331 1 
2  1 0.9488 0.9997 
2  1 0.95107 1 
2  1 0.95885 0.9982 
2  1 0.9628 0.9997 
2  1 0.96399 1 
2  1 0.96336 0.9982 
2  1 0.96574 1 
2  1 0.96876 1 
2  1 0.97231 1 
2  1 0.981 1 
2  1 0.98732 0.9982 
2  1 0.91327 0.9238 
2  2 1.66683 1.67675 
2  1 0.9175 0.9238 
