2  0 0 inf 
2  0 0 0.99322 
2  0 0 0.98796 
2  0 0 0.98272 
2  0 0 0.97688 
2  0 0 0.97049 
2  0 0 0.9653 
2  0 0 0.9625 
2  0 0 0.96141 
2  0 0 0.95415 
2  1 0.98165 1.93579 
2  1 0.98418 1.93103 
2  0 0 0.93997 
2  0 0 0.9311 
2  0 0 0.92654 
2  0 0 0.926 
2  0 0 0.92541 
2  0 0 0.92244 
2  0 0 0.92157 
2  0 0 0.91942 
2  0 0 0.9097 
2  0 0 0.9026 
2  0 0 0.9026 
2  0 0 0.90096 
2  0 0 0.8678 
2  0 0 0.86675 
2  0 0 0.85664 
2  0 0 0.85488 
2  1 0.91327 1.75747 
2  0 0 0.82833 
2  0 0 0.82644 
2  1 0.9808 1.78774 
2  1 0.99647 1.78774 
2  1 0.92519 1.70199 
2  1 0.92656 1.70336 
2  1 0.92703 1.70383 
2  0 0 0.7768 
2  1 0.93292 1.70334 
2  1 0.93925 1.70383 
2  1 0.94067 1.70336 
2  1 0.94116 1.70199 
2  1 0.9452 1.69924 
2  1 0.9449 1.69837 
2  1 0.95281 1.70221 
2  1 0.9729 1.70199 
2  1 0.99733 1.70334 
2  1 0.9997 1.69837 
2  0 0 0.6825 
2  0 0 0.66785 
2  0 0 0.657 
2  0 0 0.62772 
2  0 0 0.5649 
2  1 0.91563 1.29557 
2  1 0.92275 1.29557 
2  1 0.9444 1.29557 
2  1 0.9567 1.29557 
2  1 0.9611 1.29557 
2  1 0.97012 1.29557 
2  1 0.9978 1.29557 
2  0 0 0.2308 
2  0 0 0.20602 
2  0 0 0.20586 
2  0 0 0.19672 
2  0 0 0.18634 
2  1 0.85875 1 
2  1 0.91269 1 
2  1 0.93238 1 
2  1 0.96399 1 
