2  0 0 inf 
2  0 0 0.9964 
2  0 0 0.9939 
2  0 0 0.99268 
2  0 0 0.99022 
2  0 0 0.99 
2  0 0 0.98796 
2  0 0 0.98691 
2  0 0 0.97935 
2  0 0 0.97715 
2  0 0 0.97688 
2  0 0 0.97679 
2  0 0 0.9749 
2  0 0 0.97049 
2  0 0 0.9653 
2  0 0 0.96385 
2  0 0 0.9625 
2  0 0 0.96141 
2  0 0 0.95807 
2  0 0 0.95415 
2  1 0.98502 1.93201 
2  1 0.98315 1.93014 
2  1 0.98165 1.92864 
2  0 0 0.94699 
2  1 0.98418 1.93103 
2  0 0 0.94663 
2  0 0 0.94384 
2  0 0 0.93416 
2  0 0 0.93313 
2  1 0.9994 1.9321 
2  1 0.98511 1.91747 
2  0 0 0.93189 
2  0 0 0.93175 
2  0 0 0.92654 
2  0 0 0.92648 
2  0 0 0.926 
2  0 0 0.92532 
2  0 0 0.9217 
2  0 0 0.92164 
2  0 0 0.92157 
2  0 0 0.9214 
2  0 0 0.91942 
2  0 0 0.9175 
2  0 0 0.91476 
2  0 0 0.91403 
2  1 0.9958 1.90954 
2  0 0 0.91287 
2  0 0 0.9097 
2  1 0.92433 1.82693 
2  0 0 0.9026 
2  0 0 0.90096 
2  0 0 0.8944 
2  0 0 0.8881 
2  0 0 0.8821 
2  0 0 0.8742 
2  1 0.92163 1.7907 
2  0 0 0.8678 
2  0 0 0.86675 
2  0 0 0.86642 
2  0 0 0.85664 
2  0 0 0.85488 
2  0 0 0.8475 
2  1 0.97299 1.81842 
2  0 0 0.84543 
2  1 0.96426 1.7929 
2  0 0 0.82833 
2  1 0.9997 1.82789 
2  1 1 1.82815 
2  0 0 0.82644 
2  1 0.9311 1.75104 
2  1 0.97711 1.7929 
2  1 0.98004 1.7929 
2  0 0 0.81195 
2  0 0 0.80963 
2  1 0.9824 1.7907 
2  1 0.98311 1.7907 
2  1 0.98555 1.7929 
2  1 0.98272 1.78926 
2  1 0.98428 1.7907 
2  1 0.9911 1.7929 
2  1 0.99073 1.7907 
2  0 0 0.7953 
2  0 0 0.7768 
2  1 0.92703 1.70383 
2  1 0.92656 1.70336 
2  1 0.92244 1.69924 
2  1 0.9301 1.70334 
2  1 0.99322 1.765 
2  1 0.93292 1.70334 
2  1 0.93563 1.70221 
2  1 0.93925 1.70383 
2  1 0.94067 1.70336 
2  1 0.9452 1.69924 
2  1 0.9449 1.69837 
2  1 0.9511 1.70221 
2  1 0.95281 1.70221 
2  1 0.9603 1.70221 
2  1 0.92541 1.6589 
2  2 1.9897 2.71232 
2  1 0.9832 1.70221 
2  1 0.92519 1.6367 
2  1 0.9935 1.70383 
2  1 0.99733 1.70334 
2  1 0.95333 1.6589 
2  1 0.99647 1.70005 
2  1 0.9997 1.69837 
2  0 0 0.6969 
2  1 0.9407 1.6376 
2  1 0.94116 1.6367 
2  1 0.94325 1.6376 
2  1 0.9446 1.6376 
2  0 0 0.6825 
2  0 0 0.66785 
2  1 0.9729 1.6367 
2  0 0 0.657 
2  0 0 0.64431 
2  1 0.9982 1.6376 
2  1 0.99955 1.6376 
2  0 0 0.62772 
2  1 0.98732 1.61504 
2  1 0.98835 1.61568 
2  1 0.96336 1.58187 
2  1 0.93144 1.54248 
2  0 0 0.5649 
2  1 0.9398 1.4737 
2  0 0 0.4166 
2  1 0.87083 1.27203 
2  1 0.91563 1.29557 
2  1 0.92275 1.29557 
2  1 0.93592 1.29557 
2  1 0.93643 1.29557 
2  0 0 0.3571 
2  1 0.94795 1.29557 
2  1 0.9567 1.29557 
2  1 0.96106 1.29557 
2  1 0.97012 1.29557 
2  1 0.97231 1.29557 
2  1 0.9811 1.29557 
2  1 0.99046 1.29557 
2  1 0.9978 1.29557 
2  0 0 0.2308 
2  0 0 0.20602 
2  0 0 0.20586 
2  1 0.9026 1.10041 
2  0 0 0.19672 
2  0 0 0.18634 
2  1 0.96685 1.11989 
2  1 0.85875 1 
2  1 0.93997 1.07882 
2  1 0.91269 1 
2  1 0.93238 1 
2  1 0.9473 0.9997 
2  1 0.9628 0.9997 
2  1 0.96399 1 
2  1 0.96574 1 
2  1 0.97196 1 
2  1 0.97825 1 
2  1 0.9026 0.9238 
2  1 0.981 1 
2  1 0.9808 0.9997 
2  2 1.765 1.77606 
2  1 0.91327 0.9238 
2  1 0.9922 1 
2  2 1.78774 1.79227 
2  2 1.78774 1.79227 
2  1 0.95885 0.9611 
