2  0 0 inf 
2  0 0 0.99654 
2  0 0 0.98796 
2  0 0 0.96275 
2  0 0 0.96141 
2  0 0 0.95281 
2  0 0 0.9473 
2  0 0 0.94663 
2  0 0 0.94384 
2  0 0 0.9398 
2  0 0 0.93925 
2  0 0 0.93643 
2  0 0 0.93313 
2  0 0 0.91942 
2  0 0 0.9097 
2  1 0.9603 1.86251 
2  1 0.97012 1.86382 
2  0 0 0.86838 
2  0 0 0.85488 
2  0 0 0.84543 
2  0 0 0.83768 
2  0 0 0.82644 
2  1 0.9823 1.78926 
2  0 0 0.79175 
2  1 0.92519 1.70199 
2  0 0 0.7768 
2  0 0 0.7763 
2  1 0.9729 1.70199 
2  0 0 0.6825 
2  1 0.9301 1.59996 
2  0 0 0.64716 
2  1 0.9528 1.56658 
2  1 0.9808 1.59446 
2  1 0.95333 1.56658 
2  0 0 0.6079 
2  0 0 0.5649 
2  1 0.9026 1.46278 
2  1 0.94331 1.46278 
2  0 0 0.21046 
2  0 0 0.20586 
2  0 0 0.19672 
2  0 0 0.18634 
2  1 0.8881 1.03691 
2  1 0.8944 1.0323 
2  1 0.90957 0.99761 
2  1 0.95107 1.0323 
2  1 0.96399 1.0323 
2  1 0.97196 1.0323 
2  1 0.97231 1.0323 
