2  0 0 inf 
2  0 0 0.99322 
2  0 0 0.98796 
2  0 0 0.98691 
2  0 0 0.97809 
2  0 0 0.97728 
2  0 0 0.97715 
2  0 0 0.96275 
2  0 0 0.96141 
2  0 0 0.96126 
2  0 0 0.96101 
2  0 0 0.95885 
2  0 0 0.95807 
2  1 0.97012 1.91986 
2  0 0 0.9464 
2  0 0 0.93997 
2  1 0.96106 1.89803 
2  0 0 0.93592 
2  0 0 0.93175 
2  0 0 0.926 
2  0 0 0.92309 
2  0 0 0.9217 
2  0 0 0.9175 
2  1 0.98196 1.89882 
2  1 0.98321 1.89882 
2  1 0.97173 1.88637 
2  1 0.98732 1.89882 
2  0 0 0.89973 
2  0 0 0.88822 
2  0 0 0.88663 
2  0 0 0.88106 
2  0 0 0.87558 
2  1 0.9414 1.81698 
2  1 0.9808 1.85342 
2  1 0.92163 1.79412 
2  0 0 0.87083 
2  1 0.92703 1.79721 
2  1 0.93292 1.80158 
2  0 0 0.8678 
2  0 0 0.86675 
2  1 0.92285 1.78261 
2  0 0 0.84953 
2  0 0 0.8475 
2  0 0 0.83768 
2  0 0 0.82833 
2  0 0 0.81195 
2  0 0 0.8076 
2  0 0 0.79729 
2  1 0.92433 1.71434 
2  1 0.9228 1.70851 
2  1 0.92654 1.70851 
2  1 0.9329 1.70851 
2  0 0 0.72044 
2  1 0.99733 1.70851 
2  0 0 0.6825 
2  0 0 0.64716 
2  1 0.9684 1.59996 
2  1 0.92254 1.53538 
2  0 0 0.6079 
2  0 0 0.56597 
2  1 0.9528 1.51196 
2  1 0.9611 1.50594 
2  1 0.96685 1.46037 
2  0 0 0.2612 
2  0 0 0.20602 
2  0 0 0.18634 
2  1 0.91269 1 
2  1 0.93522 1 
2  1 0.9526 1 
2  1 0.96399 1 
2  1 0.8944 0.9238 
2  1 0.97231 1 
2  1 0.97439 1 
2  1 0.97774 1 
2  1 0.97825 1 
2  1 0.91327 0.9238 
2  1 0.9922 1 
2  1 0.9175 0.9238 
2  1 0.8648 0.8691 
2  2 1.84539 1.84885 
2  2 1.82246 1.82353 
