2  0 0 inf 
2  0 0 0.99 
2  0 0 0.98806 
2  0 0 0.98428 
2  0 0 0.97728 
2  0 0 0.9653 
2  0 0 0.9414 
2  0 0 0.93997 
2  0 0 0.93565 
2  0 0 0.93313 
2  0 0 0.9311 
2  0 0 0.9175 
2  0 0 0.9175 
2  1 0.95885 1.86879 
2  0 0 0.8962 
2  0 0 0.89504 
2  0 0 0.8944 
2  1 0.98321 1.86879 
2  0 0 0.8742 
2  1 0.9935 1.8589 
2  0 0 0.8648 
2  1 0.98511 1.84475 
2  0 0 0.85875 
2  0 0 0.8564 
2  1 0.9824 1.82494 
2  1 0.9449 1.7739 
2  1 0.99073 1.79124 
2  1 0.99322 1.79124 
2  1 0.9969 1.7739 
2  1 0.9982 1.7508 
2  1 0.9997 1.7306 
2  0 0 0.657 
2  0 0 0.57365 
2  1 0.9625 1.4324 
2  0 0 0.4425 
2  0 0 0.2308 
2  0 0 0.19672 
2  0 0 0.18634 
