2  0 0 inf 
2  0 0 0.99322 
2  0 0 0.99022 
2  0 0 0.98511 
2  0 0 0.97679 
2  0 0 0.9749 
2  0 0 0.97299 
2  0 0 0.97206 
2  0 0 0.96426 
2  0 0 0.96385 
2  0 0 0.96141 
2  0 0 0.96126 
2  0 0 0.95807 
2  0 0 0.95415 
2  0 0 0.9464 
2  0 0 0.94331 
2  0 0 0.9378 
2  0 0 0.93416 
2  0 0 0.93313 
2  0 0 0.93189 
2  0 0 0.92532 
2  0 0 0.92254 
2  0 0 0.92163 
2  0 0 0.9214 
2  1 0.97711 1.89842 
2  0 0 0.91942 
2  1 0.98004 1.89842 
2  0 0 0.9154 
2  0 0 0.9135 
2  1 0.98555 1.89814 
2  0 0 0.90539 
2  1 0.99774 1.89842 
2  1 0.9911 1.88831 
2  0 0 0.88822 
2  0 0 0.8821 
2  0 0 0.87083 
2  0 0 0.8648 
2  0 0 0.85664 
2  1 1 1.85509 
2  0 0 0.8475 
2  0 0 0.84634 
2  0 0 0.8224 
2  0 0 0.81195 
2  0 0 0.80963 
2  0 0 0.8076 
2  0 0 0.79847 
2  1 0.9982 1.7956 
2  0 0 0.79175 
2  1 0.922 1.70221 
2  1 0.92654 1.70334 
2  0 0 0.7768 
2  1 0.9301 1.70334 
2  1 0.92285 1.6872 
2  1 0.92309 1.68278 
2  0 0 0.75763 
2  1 0.94795 1.70334 
2  1 0.9488 1.70334 
2  1 0.92612 1.67675 
2  1 0.9628 1.69989 
2  1 0.92541 1.6589 
2  1 0.92703 1.63435 
2  1 0.9528 1.6589 
2  1 0.99733 1.70334 
2  1 0.95333 1.6589 
2  0 0 0.687 
2  1 0.99654 1.68278 
2  0 0 0.6825 
2  1 0.9982 1.67675 
2  0 0 0.66785 
2  0 0 0.64431 
2  0 0 0.62772 
2  0 0 0.57365 
2  0 0 0.54193 
2  0 0 0.4425 
2  1 0.8284 1.22893 
2  1 0.92275 1.29557 
2  1 0.93643 1.29557 
2  1 0.94795 1.29557 
2  1 0.9567 1.29557 
2  1 0.83573 1.16965 
2  1 0.96403 1.29557 
2  1 0.97231 1.29557 
2  1 0.97996 1.29557 
2  1 0.87083 1.18624 
2  1 0.99125 1.29557 
2  1 0.9978 1.29557 
2  0 0 0.295 
2  0 0 0.2612 
2  0 0 0.2308 
2  0 0 0.20586 
2  0 0 0.19672 
2  0 0 0.18634 
2  1 0.97373 1.15846 
2  1 0.82644 1.00433 
2  1 0.86838 1.0323 
2  1 0.90957 0.99761 
2  1 0.95107 1.0323 
2  1 0.9526 1.0323 
2  1 0.9583 1.0323 
2  1 0.96399 1.0323 
2  1 0.96574 1.0323 
2  1 0.93563 0.9997 
2  1 0.97774 1.0323 
2  1 0.9473 0.9997 
2  1 0.981 1.0323 
2  1 0.8944 0.9238 
2  1 0.9625 0.96886 
2  1 0.9175 0.9238 
2  2 1.69989 1.70292 
2  2 1.69989 1.70292 
