2  0 0 inf 
2  0 0 0.9984 
2  0 0 0.99649 
2  0 0 0.97035 
2  0 0 0.94795 
2  0 0 0.93189 
2  0 0 0.93175 
2  1 0.9911 1.9183 
2  0 0 0.9217 
2  0 0 0.9175 
2  0 0 0.91563 
2  0 0 0.90096 
2  0 0 0.8962 
2  1 0.9986 1.89088 
2  0 0 0.86838 
2  0 0 0.86642 
2  0 0 0.8038 
2  0 0 0.79847 
2  0 0 0.7768 
2  0 0 0.75763 
2  0 0 0.6969 
2  1 0.96869 1.65119 
2  0 0 0.6825 
2  0 0 0.657 
2  0 0 0.64716 
2  1 0.95597 1.59511 
2  2 1.96145 2.56546 
2  1 0.9473 1.54156 
2  0 0 0.295 
2  1 0.98428 1.19474 
2  0 0 0.21046 
2  0 0 0.19672 
2  1 0.8944 1 
2  1 0.93238 1 
2  1 0.94331 1 
2  1 0.96913 1 
2  1 0.97825 1 
