2  0 0 inf 
2  0 0 0.99268 
2  0 0 0.99022 
2  0 0 0.99 
2  0 0 0.98796 
2  0 0 0.97728 
2  0 0 0.97688 
2  0 0 0.97564 
2  0 0 0.97049 
2  0 0 0.9653 
2  0 0 0.96126 
2  0 0 0.9587 
2  0 0 0.95807 
2  0 0 0.95415 
2  1 0.98418 1.93579 
2  0 0 0.93997 
2  0 0 0.93565 
2  0 0 0.93313 
2  0 0 0.9298 
2  0 0 0.92687 
2  0 0 0.92541 
2  0 0 0.92495 
2  0 0 0.92419 
2  0 0 0.92254 
2  0 0 0.9217 
2  0 0 0.92157 
2  0 0 0.91942 
2  0 0 0.9175 
2  0 0 0.91476 
2  0 0 0.90539 
2  0 0 0.9026 
2  0 0 0.89973 
2  0 0 0.8962 
2  0 0 0.89504 
2  0 0 0.8944 
2  1 0.9488 1.83994 
2  0 0 0.88822 
2  0 0 0.88106 
2  0 0 0.87558 
2  0 0 0.8742 
2  0 0 0.8678 
2  0 0 0.86675 
2  0 0 0.86157 
2  0 0 0.85664 
2  0 0 0.8564 
2  1 0.92163 1.7678 
2  0 0 0.84543 
2  1 0.92519 1.759 
2  1 0.9329 1.7622 
2  0 0 0.8284 
2  1 0.99268 1.82108 
2  0 0 0.82644 
2  0 0 0.8264 
2  1 0.9414 1.76707 
2  1 0.92532 1.7508 
2  1 0.9311 1.7508 
2  1 0.9824 1.79124 
2  1 0.92244 1.7306 
2  0 0 0.8076 
2  1 0.98428 1.79124 
2  1 0.94067 1.7439 
2  1 0.99073 1.79124 
2  0 0 0.79847 
2  1 0.99322 1.79124 
2  1 0.9997 1.78537 
2  1 0.9452 1.7306 
2  1 0.9935 1.7739 
2  1 0.9449 1.7242 
2  1 0.9175 1.6942 
2  1 0.9175 1.6942 
2  1 0.9982 1.7508 
2  1 0.9997 1.7306 
2  1 0.92654 1.6417 
2  1 0.92703 1.6417 
2  1 0.9398 1.6367 
2  0 0 0.6969 
2  0 0 0.687 
2  1 0.9684 1.6417 
2  0 0 0.657 
2  0 0 0.64716 
2  1 0.94313 1.59029 
2  1 0.92285 1.5688 
2  0 0 0.64431 
2  1 0.9301 1.56658 
2  1 0.93925 1.56658 
2  1 0.926 1.53538 
2  0 0 0.6079 
2  1 0.99654 1.6005 
2  1 0.99733 1.59996 
2  1 0.9528 1.53538 
2  1 0.93563 1.51196 
2  1 0.93979 1.51514 
2  0 0 0.57365 
2  0 0 0.5649 
2  1 0.95047 1.51514 
2  1 0.96403 1.51514 
2  1 0.95333 1.5038 
2  0 0 0.54193 
2  1 0.92275 1.4519 
2  1 0.99125 1.51514 
2  1 0.94384 1.46134 
2  1 0.95416 1.47075 
2  1 0.9823 1.46879 
2  1 0.98732 1.46879 
2  1 0.9939 1.46879 
2  1 0.87083 1.33131 
2  0 0 0.4425 
2  1 0.94795 1.29147 
2  0 0 0.295 
2  0 0 0.2612 
2  0 0 0.2308 
2  1 0.97299 1.18909 
2  1 0.97373 1.18395 
2  0 0 0.19672 
2  0 0 0.18634 
2  1 0.82833 1 
2  1 0.85875 1 
2  1 0.91269 1 
2  1 0.94331 1 
2  1 0.95107 1 
2  1 0.9526 1 
2  1 0.95885 0.9982 
2  1 0.96336 0.9982 
2  1 0.96876 1 
2  1 0.97774 1 
2  1 0.9842 1 
2  1 0.98321 0.9982 
2  1 0.9625 0.96886 
2  2 1.83994 1.84539 
2  1 0.8648 0.8691 
2  2 1.84698 1.84785 
2  3 1.84899 1.84947 
