2  0 0 inf 
2  0 0 0.9939 
2  0 0 0.99268 
2  0 0 0.99076 
2  0 0 0.99 
2  0 0 0.98796 
2  0 0 0.9871 
2  0 0 0.9842 
2  0 0 0.97809 
2  0 0 0.97679 
2  0 0 0.9749 
2  0 0 0.97301 
2  0 0 0.97206 
2  0 0 0.96385 
2  0 0 0.96141 
2  0 0 0.96126 
2  1 0.99268 1.95369 
2  0 0 0.96101 
2  0 0 0.95807 
2  1 0.96336 1.91751 
2  0 0 0.95415 
2  0 0 0.9464 
2  0 0 0.9378 
2  0 0 0.93416 
2  0 0 0.93414 
2  0 0 0.93313 
2  0 0 0.93189 
2  1 0.99046 1.91751 
2  0 0 0.92687 
2  1 0.99115 1.91751 
2  0 0 0.92254 
2  0 0 0.9214 
2  0 0 0.91942 
2  0 0 0.9154 
2  0 0 0.9135 
2  0 0 0.91327 
2  0 0 0.91287 
2  0 0 0.9097 
2  0 0 0.90257 
2  0 0 0.8962 
2  0 0 0.88822 
2  1 0.9958 1.87931 
2  0 0 0.8821 
2  1 0.9301 1.80763 
2  0 0 0.87083 
2  0 0 0.86642 
2  1 0.922 1.787 
2  0 0 0.8648 
2  1 0.92654 1.79079 
2  1 0.94795 1.81076 
2  1 0.9488 1.80985 
2  1 0.9528 1.81076 
2  0 0 0.85664 
2  0 0 0.8564 
2  1 0.93563 1.79078 
2  0 0 0.85488 
2  0 0 0.84953 
2  0 0 0.8475 
2  0 0 0.84543 
2  0 0 0.8224 
2  1 0.99733 1.81076 
2  0 0 0.81195 
2  0 0 0.80963 
2  0 0 0.8076 
2  1 0.9449 1.7508 
2  0 0 0.8038 
2  0 0 0.79847 
2  1 0.96426 1.76262 
2  1 0.9982 1.7956 
2  0 0 0.7953 
2  0 0 0.79175 
2  1 0.97711 1.76262 
2  1 0.98004 1.76262 
2  1 0.92157 1.7039 
2  1 0.94067 1.72144 
2  1 0.94116 1.71968 
2  1 0.98555 1.76262 
2  0 0 0.7763 
2  1 0.9603 1.73564 
2  1 0.9911 1.76262 
2  1 0.92541 1.69323 
2  1 0.92212 1.6872 
2  1 0.99774 1.76262 
2  1 0.92285 1.6872 
2  1 0.92309 1.68278 
2  0 0 0.75763 
2  1 0.95333 1.6872 
2  1 0.92612 1.6376 
2  1 0.9997 1.7039 
2  1 0.9832 1.6859 
2  0 0 0.6969 
2  1 0.9407 1.6376 
2  1 0.99322 1.68278 
2  0 0 0.687 
2  0 0 0.6825 
2  0 0 0.66785 
2  0 0 0.64431 
2  1 0.9935 1.6376 
2  1 0.9982 1.63435 
2  0 0 0.62772 
2  0 0 0.57365 
2  0 0 0.54193 
2  1 0.97299 1.46879 
2  1 0.9823 1.46879 
2  1 1 1.46879 
2  0 0 0.4425 
2  1 0.8284 1.22893 
2  1 0.92275 1.29557 
2  1 0.93643 1.29557 
2  1 0.94795 1.29557 
2  1 0.9567 1.29557 
2  1 0.83573 1.16965 
2  1 0.96403 1.29557 
2  1 0.97231 1.29557 
2  1 0.97996 1.29557 
2  1 0.87083 1.18624 
2  1 0.99125 1.29557 
2  1 0.9978 1.29557 
2  0 0 0.295 
2  0 0 0.2612 
2  0 0 0.2308 
2  0 0 0.21046 
2  0 0 0.20586 
2  0 0 0.19672 
2  0 0 0.18634 
2  1 0.97373 1.15846 
2  1 0.82644 1.00433 
2  1 0.86838 1.0323 
2  1 0.94331 1.0323 
2  1 0.90957 0.99761 
2  1 0.95107 1.0323 
2  1 0.9526 1.0323 
2  1 0.96399 1.0323 
2  1 0.96574 1.0323 
2  1 0.97774 1.0323 
2  1 0.9473 0.9997 
2  1 0.981 1.0323 
2  2 1.92437 1.9703 
2  1 0.9628 0.9997 
2  1 0.8944 0.9238 
2  2 1.95605 1.98314 
2  2 1.787 1.81022 
2  2 1.787 1.81022 
2  1 0.9026 0.9238 
2  1 0.9808 0.9997 
2  1 0.9625 0.96886 
2  1 0.9175 0.9238 
2  2 1.9897 1.99354 
2  2 1.98171 1.98314 
