2  0 0 inf 
2  0 0 0.99654 
2  0 0 0.97679 
2  0 0 0.96426 
2  0 0 0.96385 
2  0 0 0.96141 
2  1 0.98555 1.94696 
2  0 0 0.96126 
2  0 0 0.9526 
2  0 0 0.94844 
2  0 0 0.93643 
2  0 0 0.93416 
2  0 0 0.93313 
2  0 0 0.92383 
2  1 0.98004 1.89842 
2  1 0.95416 1.86956 
2  0 0 0.91287 
2  0 0 0.90539 
2  1 0.97231 1.86956 
2  1 0.9625 1.8367 
2  1 0.9978 1.86956 
2  0 0 0.84634 
2  0 0 0.6825 
2  0 0 0.57365 
2  1 0.95107 1.52472 
2  1 0.97774 1.54251 
2  1 0.981 1.54251 
2  2 1.94981 2.47667 
2  1 0.96886 1.25615 
2  0 0 0.21046 
2  0 0 0.20586 
2  1 0.97373 1.15846 
