2  0 0 inf 
2  0 0 0.99322 
2  0 0 0.97728 
2  0 0 0.97012 
2  0 0 0.96403 
2  0 0 0.96141 
2  0 0 0.96106 
2  0 0 0.95807 
2  1 0.9808 1.93415 
2  0 0 0.9398 
2  0 0 0.91942 
2  0 0 0.9175 
2  0 0 0.9026 
2  0 0 0.90096 
2  0 0 0.86838 
2  1 0.92433 1.78588 
2  0 0 0.84953 
2  1 0.94331 1.77098 
2  1 0.9628 1.76895 
2  0 0 0.79847 
2  2 1.95092 2.73193 
2  1 0.99654 1.77387 
2  0 0 0.6825 
2  0 0 0.5649 
2  0 0 0.295 
2  0 0 0.2612 
2  1 0.82833 1.05967 
2  0 0 0.21046 
2  0 0 0.18634 
2  1 0.93238 1.08953 
2  1 0.96399 1.08953 
2  2 1.84183 1.93906 
2  1 0.98321 0.9982 
