2  0 0 inf 
2  0 0 0.9984 
2  0 0 0.99733 
2  1 0.9986 1.99509 
2  0 0 0.99649 
2  0 0 0.9964 
2  0 0 0.99022 
2  0 0 0.99 
2  0 0 0.98806 
2  0 0 0.98511 
2  0 0 0.97935 
2  0 0 0.97809 
2  0 0 0.97715 
2  0 0 0.97679 
2  0 0 0.97564 
2  0 0 0.97411 
2  1 0.99808 1.97218 
2  0 0 0.97049 
2  0 0 0.9653 
2  0 0 0.95281 
2  0 0 0.94844 
2  0 0 0.94699 
2  0 0 0.93997 
2  1 0.97934 1.91722 
2  0 0 0.93788 
2  1 0.98653 1.9211 
2  0 0 0.93313 
2  1 0.98502 1.91722 
2  1 0.98511 1.91722 
2  1 0.98315 1.91467 
2  0 0 0.92383 
2  0 0 0.92285 
2  0 0 0.9217 
2  0 0 0.91942 
2  1 0.99955 1.91722 
2  1 0.9808 1.8983 
2  0 0 0.9175 
2  0 0 0.9175 
2  0 0 0.91563 
2  1 0.92577 1.82643 
2  0 0 0.88106 
2  0 0 0.8742 
2  1 0.9653 1.8347 
2  0 0 0.8678 
2  0 0 0.86157 
2  1 0.9329 1.7917 
2  1 0.99126 1.8496 
2  0 0 0.85664 
2  0 0 0.8564 
2  1 0.97858 1.8347 
2  1 0.9135 1.76668 
2  0 0 0.8475 
2  0 0 0.83768 
2  0 0 0.8284 
2  0 0 0.82833 
2  0 0 0.82644 
2  0 0 0.8224 
2  0 0 0.81195 
2  0 0 0.8076 
2  1 0.89973 1.70346 
2  1 0.9969 1.788 
2  1 0.9656 1.74525 
2  1 0.93925 1.7105 
2  0 0 0.75763 
2  1 0.9997 1.7306 
2  1 0.9414 1.66008 
2  1 0.9935 1.7105 
2  0 0 0.687 
2  1 0.99733 1.66008 
2  0 0 0.64716 
2  0 0 0.6079 
2  1 0.93592 1.5317 
2  1 0.9982 1.56066 
2  0 0 0.54193 
2  1 0.92275 1.37025 
2  1 0.93643 1.37765 
2  1 0.95597 1.37765 
2  1 0.9567 1.37765 
2  1 0.9611 1.37765 
2  1 0.95416 1.36837 
2  1 0.96869 1.37765 
2  1 0.9811 1.37765 
2  1 0.83573 1.22893 
2  1 0.99125 1.37765 
2  1 0.9978 1.37765 
2  1 0.97373 1.34952 
2  2 1.96065 2.31553 
2  0 0 0.2612 
2  1 0.94795 1.18909 
2  0 0 0.2308 
2  0 0 0.21046 
2  0 0 0.20602 
2  1 0.8881 1.03434 
2  1 0.96913 1.01883 
2  2 1.93361 1.9805 
2  1 0.8825 0.9238 
2  2 1.997 2.02236 
2  2 1.79232 1.81012 
2  1 0.91327 0.9238 
2  2 1.7877 1.798 
