2  0 0 inf 
2  0 0 0.99654 
2  0 0 0.99022 
2  0 0 0.98796 
2  0 0 0.98272 
2  0 0 0.9653 
2  0 0 0.96275 
2  0 0 0.96141 
2  0 0 0.95807 
2  0 0 0.94844 
2  0 0 0.94827 
2  0 0 0.94663 
2  0 0 0.9464 
2  0 0 0.94384 
2  0 0 0.9414 
2  0 0 0.93997 
2  0 0 0.93313 
2  0 0 0.93175 
2  0 0 0.9298 
2  0 0 0.92654 
2  0 0 0.92541 
2  0 0 0.92419 
2  0 0 0.9217 
2  0 0 0.92163 
2  0 0 0.91942 
2  0 0 0.9175 
2  0 0 0.9097 
2  0 0 0.90539 
2  1 0.9488 1.85244 
2  0 0 0.90096 
2  0 0 0.8983 
2  0 0 0.88822 
2  0 0 0.88663 
2  0 0 0.8821 
2  0 0 0.88106 
2  0 0 0.8742 
2  0 0 0.8678 
2  0 0 0.86157 
2  0 0 0.85664 
2  0 0 0.8564 
2  0 0 0.84953 
2  0 0 0.8475 
2  0 0 0.84634 
2  0 0 0.8284 
2  0 0 0.82644 
2  0 0 0.8224 
2  0 0 0.81371 
2  0 0 0.81195 
2  0 0 0.8076 
2  1 0.89973 1.70346 
2  1 0.9628 1.765 
2  0 0 0.79175 
2  1 0.97809 1.75755 
2  0 0 0.7768 
2  1 0.92157 1.69837 
2  1 0.92244 1.69924 
2  1 0.92656 1.70336 
2  1 0.9301 1.70334 
2  1 0.92285 1.6872 
2  1 0.92212 1.67598 
2  1 0.95281 1.70221 
2  1 0.92532 1.67352 
2  1 0.9603 1.70221 
2  1 0.92519 1.6589 
2  1 0.9729 1.70199 
2  1 0.93563 1.6589 
2  0 0 0.72044 
2  1 0.926 1.6376 
2  1 0.92703 1.63435 
2  1 0.95333 1.6589 
2  1 0.93925 1.6376 
2  0 0 0.6969 
2  1 0.94325 1.63435 
2  1 0.9446 1.63435 
2  0 0 0.687 
2  0 0 0.657 
2  0 0 0.64431 
2  0 0 0.6079 
2  0 0 0.56597 
2  0 0 0.5649 
2  1 0.96403 1.51514 
2  1 0.93643 1.48539 
2  1 0.92612 1.4737 
2  1 0.96869 1.51442 
2  1 0.9611 1.50594 
2  1 0.95047 1.49016 
2  1 0.97996 1.51237 
2  1 0.99125 1.51514 
2  1 0.9407 1.41985 
2  1 0.87083 1.25297 
2  1 0.92275 1.21028 
2  0 0 0.2612 
2  0 0 0.2308 
2  0 0 0.21046 
2  0 0 0.20602 
2  0 0 0.20586 
2  0 0 0.19672 
2  0 0 0.18634 
2  1 0.96685 1.11989 
2  1 0.98511 1.12756 
2  1 0.90957 0.99761 
2  1 0.91403 1 
2  1 0.93238 1 
2  1 0.85875 0.9238 
2  1 0.93522 1 
2  1 0.94331 1 
2  1 0.86838 0.9238 
2  1 0.95107 1 
2  1 0.9526 1 
2  1 0.96399 1 
2  1 0.96876 1 
2  1 0.97196 1 
2  1 0.97231 1 
2  1 0.97439 1 
2  1 0.97825 1 
2  1 0.981 1 
2  2 1.8585 1.86843 
2  1 0.8944 0.90202 
