2  0 0 inf 
2  0 0 0.99322 
2  0 0 0.95807 
2  0 0 0.93313 
2  0 0 0.93189 
2  0 0 0.9311 
2  0 0 0.92654 
2  0 0 0.92495 
2  0 0 0.92419 
2  0 0 0.9175 
2  0 0 0.91476 
2  1 0.93592 1.8486 
2  1 0.99733 1.9001 
2  0 0 0.90257 
2  0 0 0.85664 
2  1 0.9978 1.85342 
2  0 0 0.8284 
2  0 0 0.82833 
2  0 0 0.8076 
2  0 0 0.6969 
2  0 0 0.687 
2  0 0 0.657 
2  0 0 0.64716 
2  1 0.94313 1.59029 
2  0 0 0.64431 
2  1 0.9528 1.54974 
2  1 0.93643 1.51514 
2  1 0.93979 1.51514 
2  1 0.95047 1.51514 
2  1 0.9473 1.5038 
2  1 0.9611 1.51514 
2  1 0.96403 1.51514 
2  1 0.92275 1.47263 
2  1 0.9567 1.50095 
2  1 0.97373 1.4519 
2  1 0.87083 1.33131 
2  0 0 0.19672 
2  2 1.92229 1.94052 
