2  0 0 inf 
2  0 0 0.9984 
2  0 0 0.99774 
2  0 0 0.99649 
2  0 0 0.99268 
2  0 0 0.99022 
2  0 0 0.99 
2  0 0 0.98796 
2  0 0 0.98511 
2  0 0 0.98306 
2  0 0 0.9824 
2  0 0 0.9815 
2  0 0 0.97858 
2  0 0 0.97715 
2  0 0 0.9749 
2  0 0 0.97411 
2  0 0 0.97301 
2  0 0 0.97299 
2  0 0 0.9694 
2  0 0 0.96385 
2  0 0 0.95807 
2  1 0.98653 1.94351 
2  0 0 0.95415 
2  0 0 0.95281 
2  1 0.98165 1.93126 
2  0 0 0.9407 
2  0 0 0.93565 
2  0 0 0.93189 
2  0 0 0.9311 
2  0 0 0.92648 
2  0 0 0.92419 
2  0 0 0.9214 
2  0 0 0.91942 
2  0 0 0.91476 
2  0 0 0.91287 
2  0 0 0.9026 
2  1 0.9986 1.89088 
2  0 0 0.8903 
2  0 0 0.8881 
2  0 0 0.88663 
2  0 0 0.8825 
2  0 0 0.88106 
2  0 0 0.8742 
2  0 0 0.87083 
2  0 0 0.8678 
2  0 0 0.86642 
2  0 0 0.8564 
2  0 0 0.85488 
2  0 0 0.84953 
2  0 0 0.8475 
2  0 0 0.83768 
2  1 0.9564 1.7929 
2  0 0 0.83573 
2  0 0 0.8264 
2  0 0 0.8224 
2  1 0.9175 1.73567 
2  1 0.92383 1.74028 
2  1 0.97711 1.7929 
2  0 0 0.81195 
2  1 0.97902 1.7907 
2  1 0.9567 1.76792 
2  1 0.92163 1.72578 
2  0 0 0.8038 
2  1 0.89973 1.70346 
2  1 0.99328 1.7929 
2  1 0.9026 1.70186 
2  0 0 0.79847 
2  0 0 0.79729 
2  1 0.93414 1.73 
2  1 0.99955 1.7929 
2  0 0 0.7768 
2  1 0.92157 1.69837 
2  1 0.92656 1.70336 
2  1 0.9175 1.6942 
2  0 0 0.7763 
2  1 0.94067 1.7153 
2  1 0.98247 1.75213 
2  1 0.98311 1.75213 
2  1 0.99073 1.75213 
2  1 0.9329 1.69323 
2  1 0.92433 1.68459 
2  1 0.92309 1.68278 
2  1 0.9449 1.7039 
2  0 0 0.75763 
2  1 0.9488 1.70248 
2  1 0.93292 1.68278 
2  1 0.9684 1.71455 
2  1 0.9997 1.7306 
2  1 0.99647 1.725 
2  0 0 0.72044 
2  1 0.9301 1.64963 
2  1 0.9414 1.66008 
2  1 0.99322 1.7105 
2  1 0.97728 1.6859 
2  1 0.92612 1.63435 
2  1 0.94325 1.64963 
2  1 0.9935 1.69323 
2  1 0.9446 1.63435 
2  0 0 0.6825 
2  0 0 0.657 
2  0 0 0.64716 
2  1 0.9135 1.54156 
2  1 0.93925 1.56658 
2  1 0.92244 1.54974 
2  1 0.92541 1.54974 
2  1 0.92703 1.54974 
2  1 0.9997 1.62015 
2  1 1 1.62015 
2  0 0 0.6079 
2  1 0.9603 1.56658 
2  1 0.93563 1.54156 
2  1 0.9969 1.6005 
2  1 0.9832 1.5806 
2  1 0.92212 1.51196 
2  0 0 0.56597 
2  0 0 0.5649 
2  1 0.9982 1.56066 
2  1 0.8821 1.44445 
2  1 0.95333 1.4967 
2  0 0 0.54193 
2  1 0.90257 1.4338 
2  1 0.95511 1.45429 
2  1 0.95107 1.4333 
2  1 0.94331 1.41985 
2  1 0.91563 1.3553 
2  1 0.95047 1.36707 
2  0 0 0.4166 
2  1 0.9444 1.361 
2  1 0.97231 1.37765 
2  0 0 0.3571 
2  0 0 0.295 
2  1 0.93144 1.18909 
2  0 0 0.20586 
2  0 0 0.18634 
2  1 0.82644 1 
2  1 0.96685 1.1079 
2  1 0.93592 1.07424 
2  1 0.85875 0.9238 
2  1 0.93522 1 
2  1 0.86838 0.9238 
2  1 0.94795 0.9982 
2  1 0.9583 1 
2  1 0.96101 0.9982 
2  1 0.96106 0.9982 
2  1 0.96336 0.9982 
2  1 0.97439 1 
2  1 0.9026 0.9238 
2  1 0.9811 0.9982 
2  2 1.3553 1.37076 
2  1 0.98321 0.9982 
2  2 1.94501 1.95576 
2  1 0.91327 0.9238 
2  1 0.98835 0.9982 
2  2 1.3553 1.36455 
2  1 0.99046 0.9982 
2  1 0.8944 0.90202 
2  2 1.69989 1.70292 
2  2 1.36837 1.37076 
2  1 0.95885 0.9611 
