2  0 0 inf 
2  0 0 0.9964 
2  0 0 0.99073 
2  0 0 0.99 
2  0 0 0.9871 
2  0 0 0.9842 
2  0 0 0.9823 
2  0 0 0.97715 
2  0 0 0.97679 
2  0 0 0.9749 
2  0 0 0.97411 
2  0 0 0.97299 
2  0 0 0.9694 
2  0 0 0.9653 
2  0 0 0.96275 
2  0 0 0.96141 
2  0 0 0.95807 
2  0 0 0.95415 
2  0 0 0.95047 
2  0 0 0.94844 
2  1 0.98165 1.92864 
2  1 0.98315 1.93014 
2  0 0 0.94699 
2  0 0 0.94663 
2  0 0 0.9398 
2  1 0.98653 1.9211 
2  1 0.9994 1.9321 
2  0 0 0.93189 
2  0 0 0.93175 
2  1 0.98511 1.91639 
2  0 0 0.9298 
2  0 0 0.92541 
2  0 0 0.92532 
2  0 0 0.92254 
2  0 0 0.92164 
2  0 0 0.91942 
2  0 0 0.91563 
2  0 0 0.91287 
2  0 0 0.9097 
2  0 0 0.90539 
2  0 0 0.90257 
2  0 0 0.8983 
2  0 0 0.89504 
2  1 0.94331 1.8381 
2  0 0 0.88822 
2  1 0.93563 1.82349 
2  0 0 0.88663 
2  0 0 0.8821 
2  1 0.92519 1.7978 
2  0 0 0.87083 
2  1 0.9528 1.82349 
2  0 0 0.86838 
2  0 0 0.8678 
2  0 0 0.86675 
2  0 0 0.86642 
2  1 0.9564 1.82282 
2  1 0.92654 1.79079 
2  1 0.9729 1.83511 
2  1 0.9488 1.80985 
2  0 0 0.85664 
2  0 0 0.84953 
2  0 0 0.8475 
2  0 0 0.84634 
2  1 0.97858 1.8172 
2  0 0 0.82833 
2  1 0.9997 1.82789 
2  1 0.93563 1.75921 
2  1 0.95333 1.77573 
2  0 0 0.8224 
2  1 0.94116 1.75921 
2  1 0.92612 1.7419 
2  1 0.9603 1.77606 
2  0 0 0.81371 
2  0 0 0.79847 
2  1 0.9446 1.7419 
2  0 0 0.7953 
2  0 0 0.79175 
2  1 0.92656 1.7153 
2  1 0.92433 1.7105 
2  1 0.97711 1.76146 
2  1 0.92703 1.7105 
2  1 0.98004 1.76146 
2  1 0.926 1.70617 
2  1 0.98555 1.76146 
2  1 0.93925 1.7105 
2  1 0.9911 1.76146 
2  1 0.99328 1.76146 
2  1 0.9311 1.69323 
2  1 0.99955 1.7419 
2  1 0.93997 1.6774 
2  0 0 0.72044 
2  1 0.99322 1.7105 
2  1 0.9935 1.69323 
2  0 0 0.66785 
2  0 0 0.62772 
2  0 0 0.6079 
2  0 0 0.56597 
2  0 0 0.4425 
2  1 0.92275 1.29557 
2  1 0.9444 1.29557 
2  1 0.94795 1.29557 
2  1 0.95597 1.29557 
2  1 0.9567 1.29557 
2  1 0.96403 1.29557 
2  1 0.96869 1.29557 
2  1 0.97035 1.29557 
2  1 0.9811 1.29557 
2  1 0.99125 1.29557 
2  0 0 0.295 
2  1 0.93592 1.19369 
2  0 0 0.2308 
2  0 0 0.21046 
2  1 0.8881 1.09856 
2  0 0 0.20586 
2  1 0.96385 1.16002 
2  0 0 0.18634 
2  1 0.96685 1.11989 
2  2 1.85509 2.00319 
2  1 0.95416 1.07424 
2  1 0.8944 1 
2  1 0.90957 1 
2  1 0.91269 1 
2  1 0.93522 1 
2  1 0.95107 1 
2  1 0.96399 1 
2  1 0.96876 1 
2  1 0.97196 1 
2  1 0.97231 1 
2  1 0.97439 1 
2  1 0.97825 1 
2  2 1.8349 1.8511 
2  2 1.83543 1.85163 
2  2 1.82349 1.83946 
2  2 1.90687 1.92082 
2  2 1.89359 1.90488 
2  2 1.82789 1.83393 
2  2 1.952 1.95576 
