2  0 0 inf 
2  0 0 0.98796 
2  0 0 0.97564 
2  0 0 0.9749 
2  0 0 0.9564 
2  0 0 0.95415 
2  1 0.97711 1.93126 
2  0 0 0.94827 
2  1 0.9958 1.92979 
2  0 0 0.92519 
2  0 0 0.92244 
2  0 0 0.9214 
2  0 0 0.91942 
2  0 0 0.9175 
2  0 0 0.9175 
2  0 0 0.9097 
2  1 0.9729 1.8826 
2  0 0 0.9026 
2  0 0 0.88822 
2  1 0.922 1.81022 
2  0 0 0.8821 
2  0 0 0.87558 
2  0 0 0.86675 
2  0 0 0.8648 
2  0 0 0.85664 
2  0 0 0.83768 
2  0 0 0.8264 
2  0 0 0.8224 
2  1 0.92309 1.7439 
2  1 0.9329 1.75296 
2  1 0.94067 1.7593 
2  1 0.92656 1.7439 
2  1 0.9511 1.75496 
2  1 0.9452 1.7439 
2  0 0 0.79729 
2  1 0.92654 1.70334 
2  0 0 0.7768 
2  1 0.91287 1.6872 
2  1 0.93292 1.70248 
2  1 0.92212 1.6872 
2  1 0.92285 1.6872 
2  1 0.93925 1.6872 
2  1 0.92703 1.66008 
2  1 0.9414 1.66008 
2  1 0.9488 1.66008 
2  1 0.95333 1.6589 
2  2 1.89809 2.5803 
2  0 0 0.657 
2  2 1.74943 2.23109 
2  0 0 0.21046 
2  3 2.32103 2.33639 
2  2 1.8434 1.84485 
