2  0 0 inf 
2  0 0 0.9984 
2  0 0 0.99733 
2  0 0 0.99649 
2  0 0 0.99322 
2  0 0 0.99075 
2  0 0 0.98691 
2  0 0 0.98511 
2  0 0 0.97679 
2  0 0 0.97564 
2  1 0.99808 1.97218 
2  0 0 0.97299 
2  0 0 0.97206 
2  0 0 0.96399 
2  0 0 0.96126 
2  0 0 0.96106 
2  0 0 0.95807 
2  0 0 0.9564 
2  0 0 0.95511 
2  0 0 0.95415 
2  0 0 0.93416 
2  0 0 0.93313 
2  0 0 0.93189 
2  0 0 0.93175 
2  0 0 0.92495 
2  0 0 0.92419 
2  0 0 0.92285 
2  0 0 0.92254 
2  0 0 0.91942 
2  1 0.926 1.84539 
2  0 0 0.9175 
2  1 0.9228 1.8403 
2  0 0 0.9154 
2  0 0 0.91476 
2  0 0 0.90257 
2  1 0.9986 1.90042 
2  0 0 0.90096 
2  1 0.98004 1.88059 
2  1 0.98555 1.88059 
2  1 0.96426 1.85834 
2  1 0.99328 1.88059 
2  1 0.9958 1.88059 
2  1 0.99774 1.88059 
2  0 0 0.8825 
2  0 0 0.8742 
2  0 0 0.86675 
2  0 0 0.85664 
2  0 0 0.8475 
2  0 0 0.84634 
2  0 0 0.83768 
2  0 0 0.8284 
2  0 0 0.82833 
2  0 0 0.82644 
2  0 0 0.81195 
2  1 0.9452 1.7567 
2  0 0 0.80963 
2  0 0 0.8076 
2  0 0 0.79175 
2  1 0.9311 1.69931 
2  1 0.93414 1.69931 
2  1 0.93592 1.69931 
2  0 0 0.75763 
2  1 0.92612 1.6376 
2  0 0 0.6969 
2  0 0 0.687 
2  0 0 0.657 
2  0 0 0.64716 
2  1 0.94313 1.59029 
2  0 0 0.64431 
2  1 0.9301 1.56658 
2  1 0.9939 1.62015 
2  1 0.92654 1.54974 
2  0 0 0.6079 
2  1 0.99733 1.59996 
2  1 0.99654 1.59446 
2  1 0.93292 1.51196 
2  1 0.93643 1.51514 
2  1 0.93979 1.51514 
2  0 0 0.57365 
2  1 0.93563 1.5038 
2  1 0.95047 1.51514 
2  1 0.9473 1.5038 
2  1 0.9611 1.51514 
2  1 0.96403 1.51514 
2  1 0.9528 1.5038 
2  1 0.92275 1.47263 
2  1 0.97035 1.51514 
2  1 0.9567 1.50095 
2  1 0.9978 1.51514 
2  1 0.9407 1.41985 
2  1 0.97373 1.4519 
2  1 0.87083 1.33131 
2  0 0 0.20586 
2  0 0 0.19672 
2  1 0.85875 1 
2  1 0.90957 0.99761 
2  1 0.91269 1 
2  1 0.93238 1 
2  1 0.94331 1 
2  1 0.86838 0.9238 
2  1 0.9526 1 
2  1 0.96574 1 
2  2 1.64963 1.67675 
2  1 0.97774 1 
2  1 0.97825 1 
2  1 0.981 1 
2  1 0.98732 0.9982 
2  2 1.77622 1.78452 
2  2 1.7917 1.8 
2  1 0.99076 0.9982 
