2  0 0 inf 
2  0 0 0.98272 
2  0 0 0.97902 
2  0 0 0.97301 
2  0 0 0.96141 
2  0 0 0.96101 
2  0 0 0.95807 
2  0 0 0.9464 
2  0 0 0.93997 
2  0 0 0.9378 
2  1 0.98321 1.91382 
2  0 0 0.92654 
2  0 0 0.92541 
2  0 0 0.9217 
2  0 0 0.91476 
2  0 0 0.91287 
2  0 0 0.9097 
2  0 0 0.90096 
2  0 0 0.8962 
2  0 0 0.89575 
2  0 0 0.88663 
2  0 0 0.87083 
2  1 0.92163 1.79195 
2  0 0 0.86838 
2  0 0 0.8678 
2  0 0 0.86675 
2  0 0 0.8564 
2  0 0 0.80963 
2  1 0.98245 1.79195 
2  1 0.98311 1.79195 
2  1 0.98428 1.79195 
2  0 0 0.8076 
2  0 0 0.8038 
2  0 0 0.79847 
2  0 0 0.79729 
2  0 0 0.7768 
2  1 0.92157 1.69837 
2  1 0.92656 1.70336 
2  1 0.94795 1.70334 
2  1 0.9808 1.73564 
2  1 0.95281 1.70221 
2  0 0 0.6825 
2  0 0 0.66785 
2  0 0 0.62772 
2  0 0 0.6079 
2  1 0.9832 1.5806 
2  0 0 0.5649 
2  0 0 0.54193 
2  1 0.93592 1.29557 
2  1 0.93979 1.29557 
2  1 0.9611 1.29557 
2  1 0.83573 1.16965 
2  1 0.96403 1.29557 
2  1 0.97996 1.29557 
2  0 0 0.295 
2  0 0 0.20602 
2  0 0 0.20586 
2  0 0 0.19672 
2  1 0.97373 1.15846 
2  1 0.82644 1 
2  1 0.85875 1 
2  1 0.95416 1.07424 
2  1 0.91269 1 
2  1 0.93238 1 
2  1 0.93522 1 
2  1 0.9526 1 
2  1 0.96399 1 
2  1 0.96574 1 
2  1 0.9922 1 
2  1 0.8944 0.90202 
