2  0 0 inf 
2  0 0 0.99075 
2  0 0 0.99022 
2  0 0 0.99 
2  0 0 0.98806 
2  0 0 0.97688 
2  0 0 0.97301 
2  0 0 0.97049 
2  0 0 0.9653 
2  0 0 0.96141 
2  0 0 0.95807 
2  0 0 0.95511 
2  0 0 0.95415 
2  0 0 0.95281 
2  1 0.98418 1.93117 
2  0 0 0.94699 
2  0 0 0.9464 
2  0 0 0.94384 
2  0 0 0.9378 
2  1 0.98511 1.91747 
2  0 0 0.93189 
2  0 0 0.93144 
2  0 0 0.92703 
2  0 0 0.92654 
2  0 0 0.92419 
2  0 0 0.9217 
2  0 0 0.9214 
2  0 0 0.91942 
2  0 0 0.91476 
2  0 0 0.91403 
2  0 0 0.9135 
2  0 0 0.91287 
2  0 0 0.90096 
2  0 0 0.8983 
2  0 0 0.8962 
2  0 0 0.89575 
2  0 0 0.89504 
2  0 0 0.88822 
2  0 0 0.88663 
2  1 0.96101 1.8462 
2  1 0.96106 1.8462 
2  0 0 0.8821 
2  1 0.9026 1.7804 
2  0 0 0.87083 
2  1 0.92163 1.79195 
2  0 0 0.86838 
2  0 0 0.8678 
2  0 0 0.86675 
2  1 0.98321 1.8462 
2  0 0 0.85664 
2  0 0 0.8564 
2  1 0.99076 1.8462 
2  0 0 0.84543 
2  1 0.97299 1.7867 
2  0 0 0.81371 
2  1 0.97902 1.79195 
2  0 0 0.80963 
2  1 0.9824 1.79195 
2  1 0.98428 1.79195 
2  0 0 0.8076 
2  0 0 0.8038 
2  1 0.99073 1.79195 
2  0 0 0.79847 
2  1 0.9935 1.79124 
2  0 0 0.79729 
2  1 0.9969 1.79079 
2  1 0.97858 1.75755 
2  1 0.9228 1.69989 
2  1 0.92309 1.69989 
2  1 0.92656 1.70336 
2  1 0.92157 1.69837 
2  0 0 0.7768 
2  1 0.9301 1.70334 
2  1 0.93925 1.70383 
2  1 0.94795 1.70334 
2  1 0.9452 1.69924 
2  1 0.9628 1.69989 
2  1 0.92244 1.6589 
2  1 0.92541 1.6589 
2  1 0.9808 1.69989 
2  1 0.99647 1.70383 
2  1 0.9528 1.6589 
2  1 0.95333 1.6589 
2  1 0.9982 1.69924 
2  0 0 0.6825 
2  1 0.98272 1.65914 
2  1 0.98311 1.65914 
2  0 0 0.66785 
2  0 0 0.64431 
2  0 0 0.62772 
2  0 0 0.6079 
2  1 0.9832 1.5806 
2  0 0 0.5649 
2  0 0 0.54193 
2  1 0.91563 1.29557 
2  1 0.93979 1.29557 
2  1 0.9444 1.29557 
2  1 0.94795 1.29557 
2  1 0.95047 1.29557 
2  1 0.9567 1.29557 
2  1 0.83573 1.16965 
2  1 0.96403 1.29557 
2  1 0.97012 1.29557 
2  1 0.97035 1.29557 
2  1 0.97996 1.29557 
2  1 0.87083 1.18624 
2  1 0.99125 1.29557 
2  0 0 0.295 
2  0 0 0.20602 
2  0 0 0.20586 
2  0 0 0.19672 
2  1 0.97373 1.15846 
2  1 0.82644 1 
2  1 0.96685 1.11989 
2  1 0.85875 1 
2  1 0.93997 1.07882 
2  1 0.93592 1.07424 
2  1 0.91269 1 
2  1 0.93238 1 
2  1 0.93522 1 
2  1 0.9473 0.9997 
2  1 0.9526 1 
2  1 0.96399 1 
2  1 0.96574 1 
2  1 0.98511 1 
2  1 0.8944 0.90202 
