2  0 0 inf 
2  0 0 0.99268 
2  0 0 0.9903 
2  0 0 0.99022 
2  0 0 0.99 
2  0 0 0.98796 
2  0 0 0.98418 
2  1 0.99665 1.97643 
2  0 0 0.97809 
2  0 0 0.97688 
2  0 0 0.97564 
2  0 0 0.97275 
2  0 0 0.97206 
2  0 0 0.9653 
2  0 0 0.9625 
2  0 0 0.9587 
2  0 0 0.95807 
2  0 0 0.95415 
2  0 0 0.9526 
2  0 0 0.94844 
2  0 0 0.9464 
2  2 1.9962 2.94146 
2  0 0 0.9407 
2  0 0 0.93522 
2  0 0 0.93313 
2  0 0 0.92612 
2  0 0 0.92532 
2  0 0 0.9228 
2  0 0 0.9214 
2  0 0 0.91942 
2  0 0 0.9175 
2  0 0 0.9175 
2  0 0 0.91563 
2  0 0 0.9154 
2  0 0 0.9097 
2  1 0.9329 1.8403 
2  0 0 0.90257 
2  0 0 0.89504 
2  0 0 0.88822 
2  0 0 0.8881 
2  0 0 0.88663 
2  1 0.9446 1.82199 
2  0 0 0.87558 
2  0 0 0.8742 
2  1 0.9583 1.8287 
2  0 0 0.86675 
2  0 0 0.8648 
2  0 0 0.85664 
2  0 0 0.8564 
2  1 0.93592 1.79232 
2  0 0 0.84953 
2  0 0 0.84543 
2  0 0 0.83768 
2  1 0.9994 1.8287 
2  1 0.9449 1.7739 
2  0 0 0.8224 
2  0 0 0.81371 
2  1 0.92433 1.73775 
2  0 0 0.8038 
2  1 0.9939 1.79181 
2  0 0 0.79729 
2  1 0.9982 1.7917 
2  1 1 1.79181 
2  1 0.98691 1.77241 
2  1 0.91287 1.69798 
2  1 0.99322 1.77387 
2  0 0 0.7763 
2  1 0.9311 1.70617 
2  1 0.9301 1.70248 
2  1 0.92163 1.6872 
2  1 0.92703 1.6872 
2  0 0 0.75763 
2  1 0.99647 1.7529 
2  1 0.9488 1.66008 
2  0 0 0.687 
2  1 0.9823 1.65914 
2  0 0 0.66785 
2  1 0.97373 1.64158 
2  0 0 0.657 
2  0 0 0.64716 
2  0 0 0.64431 
2  0 0 0.62772 
2  1 0.92309 1.54974 
2  1 0.95281 1.56856 
2  1 0.922 1.53538 
2  1 0.9603 1.56658 
2  1 0.9832 1.56856 
2  1 0.9511 1.51391 
2  1 0.8821 1.44445 
2  1 0.92164 1.45429 
2  1 0.90539 1.4333 
2  1 0.8284 1.29557 
2  0 0 0.4166 
2  1 0.87083 1.27203 
2  1 0.93643 1.29557 
2  0 0 0.3571 
2  1 0.95597 1.29557 
2  1 0.9567 1.29557 
2  1 0.96101 1.29557 
2  1 0.94795 1.27488 
2  1 0.96869 1.29557 
2  1 0.99125 1.29557 
2  1 0.9978 1.29557 
2  0 0 0.20602 
2  0 0 0.18634 
2  1 0.92541 0.9997 
2  1 0.93414 0.9997 
2  1 0.95107 1 
2  2 1.81012 1.85342 
2  1 0.96106 0.9982 
2  1 0.9628 0.9997 
2  1 0.96336 0.9982 
2  1 0.96913 1 
2  1 0.97173 0.9982 
2  2 1.75211 1.77387 
2  2 1.8504 1.863 
2  1 0.98732 0.9982 
2  2 1.91072 1.91602 
2  3 1.91602 1.9211 
2  2 1.76895 1.77387 
