2  0 0 inf 
2  0 0 0.98691 
2  0 0 0.97728 
2  0 0 0.97715 
2  0 0 0.95885 
2  0 0 0.95807 
2  0 0 0.9464 
2  0 0 0.93997 
2  1 0.96106 1.89803 
2  0 0 0.93592 
2  0 0 0.926 
2  1 0.98196 1.89882 
2  1 0.98321 1.89882 
2  1 0.97173 1.88637 
2  1 0.98732 1.89882 
2  0 0 0.89973 
2  0 0 0.8944 
2  0 0 0.88822 
2  0 0 0.88106 
2  0 0 0.87558 
2  1 0.92163 1.79412 
2  0 0 0.8678 
2  1 0.93414 1.80158 
2  0 0 0.8648 
2  0 0 0.86157 
2  1 0.92285 1.78261 
2  0 0 0.79729 
2  0 0 0.64716 
2  2 1.86014 2.44438 
2  1 0.93563 1.51196 
2  0 0 0.56597 
2  1 0.9611 1.50594 
2  1 0.96685 1.46037 
2  0 0 0.20602 
2  0 0 0.18634 
2  1 0.91327 0.9238 
