2  0 0 inf 
2  0 0 inf 
2  0 0 0.99654 
2  0 0 0.98247 
2  0 0 0.97688 
2  0 0 0.97049 
2  1 0.98418 1.95296 
2  0 0 0.96141 
2  0 0 0.95281 
2  0 0 0.93997 
2  0 0 0.91942 
2  0 0 0.9026 
2  0 0 0.90096 
2  0 0 0.86675 
2  0 0 0.85488 
2  0 0 0.82833 
2  0 0 0.82644 
2  0 0 0.66785 
2  0 0 0.62772 
2  0 0 0.5649 
2  1 0.91563 1.29557 
2  1 0.92275 1.29557 
2  1 0.9444 1.29557 
2  1 0.9611 1.29557 
2  1 0.97012 1.29557 
2  1 0.9978 1.29557 
2  0 0 0.20586 
2  0 0 0.18634 
2  1 0.91269 1 
2  1 0.93238 1 
2  1 0.96399 1 
