2  0 0 inf 
2  0 0 inf 
2  0 0 0.99 
2  0 0 0.98796 
2  0 0 0.9823 
2  0 0 0.97858 
2  0 0 0.97012 
2  0 0 0.96141 
2  0 0 0.96126 
2  0 0 0.95885 
2  0 0 0.9526 
2  0 0 0.94844 
2  0 0 0.94827 
2  0 0 0.94663 
2  0 0 0.9464 
2  0 0 0.94331 
2  0 0 0.94325 
2  0 0 0.93144 
2  0 0 0.92519 
2  0 0 0.92419 
2  0 0 0.92309 
2  0 0 0.9217 
2  0 0 0.92163 
2  0 0 0.91942 
2  0 0 0.9175 
2  0 0 0.9175 
2  0 0 0.91476 
2  1 0.9611 1.87123 
2  0 0 0.90539 
2  0 0 0.8983 
2  1 0.94116 1.83393 
2  0 0 0.8881 
2  1 0.93563 1.82349 
2  1 0.9808 1.85163 
2  0 0 0.87083 
2  0 0 0.86157 
2  1 0.98835 1.8462 
2  0 0 0.85664 
2  0 0 0.84953 
2  1 0.94795 1.7972 
2  0 0 0.84634 
2  0 0 0.83768 
2  0 0 0.8284 
2  0 0 0.8224 
2  1 0.9982 1.79989 
2  0 0 0.79847 
2  0 0 0.79729 
2  1 0.92433 1.70617 
2  1 0.9628 1.73564 
2  1 0.9311 1.70248 
2  1 0.93292 1.69925 
2  0 0 0.75763 
2  1 0.9414 1.69323 
2  1 0.99322 1.72578 
2  0 0 0.72044 
2  1 0.99647 1.70851 
2  1 0.99733 1.70248 
2  0 0 0.687 
2  0 0 0.6079 
2  0 0 0.57365 
2  0 0 0.5649 
2  0 0 0.54193 
2  1 0.97373 1.48053 
2  1 0.91563 1.37765 
2  1 0.93979 1.37765 
2  1 0.9444 1.37765 
2  1 0.9567 1.37765 
2  1 0.96869 1.37765 
2  1 0.97035 1.37765 
2  1 0.97996 1.37765 
2  1 0.83573 1.22893 
2  1 0.9978 1.37765 
2  0 0 0.295 
2  0 0 0.2612 
2  0 0 0.20602 
2  0 0 0.18634 
2  1 0.82833 1 
2  1 0.85875 1 
2  1 0.92532 0.9997 
2  1 0.9625 1.03434 
2  1 0.93414 0.9997 
2  1 0.9473 0.9997 
2  1 0.95107 1 
2  1 0.9583 1 
2  1 0.96399 1 
2  1 0.96913 1 
2  1 0.97196 1 
2  1 0.97439 1 
2  2 1.8878 1.9119 
2  1 0.97774 1 
2  1 0.981 1 
2  1 0.98511 1 
2  2 1.71434 1.72144 
2  1 0.8648 0.8691 
