2  0 0 inf 
2  0 0 0.9984 
2  0 0 0.9964 
2  0 0 0.9959 
2  0 0 0.99484 
2  0 0 0.9935 
2  0 0 0.98835 
2  0 0 0.9815 
2  0 0 0.97935 
2  0 0 0.97715 
2  0 0 0.97711 
2  0 0 0.97688 
2  0 0 0.97679 
2  0 0 0.97564 
2  1 0.99649 1.97048 
2  0 0 0.97049 
2  0 0 0.9694 
2  0 0 0.96275 
2  0 0 0.96106 
2  0 0 0.95807 
2  0 0 0.94827 
2  1 0.98165 1.92864 
2  0 0 0.94699 
2  1 0.98315 1.92992 
2  0 0 0.94663 
2  1 0.98418 1.92992 
2  1 0.98502 1.92992 
2  0 0 0.9414 
2  0 0 0.9407 
2  1 0.98247 1.91747 
2  0 0 0.93189 
2  1 0.98511 1.91639 
2  1 0.9994 1.92992 
2  0 0 0.9298 
2  0 0 0.92687 
2  0 0 0.92419 
2  0 0 0.92254 
2  0 0 0.9214 
2  0 0 0.91942 
2  0 0 0.9175 
2  0 0 0.9175 
2  0 0 0.91287 
2  1 0.92309 1.835 
2  0 0 0.90539 
2  1 0.9986 1.90042 
2  0 0 0.8983 
2  0 0 0.89504 
2  0 0 0.8903 
2  0 0 0.88822 
2  0 0 0.8825 
2  1 0.9488 1.831 
2  1 0.95333 1.831 
2  0 0 0.8742 
2  0 0 0.86838 
2  0 0 0.86675 
2  1 0.9329 1.7917 
2  0 0 0.85875 
2  0 0 0.85664 
2  0 0 0.8564 
2  0 0 0.84953 
2  0 0 0.84543 
2  1 0.9238 1.76148 
2  0 0 0.83768 
2  0 0 0.81371 
2  0 0 0.8076 
2  1 0.92157 1.72478 
2  0 0 0.79729 
2  1 0.9026 1.69931 
2  0 0 0.7953 
2  1 0.9135 1.69931 
2  0 0 0.7768 
2  1 0.92433 1.69989 
2  1 0.9311 1.69989 
2  1 0.93414 1.69931 
2  1 0.9449 1.69837 
2  1 0.9997 1.69837 
2  0 0 0.6969 
2  1 0.9446 1.6376 
2  0 0 0.6825 
2  1 0.92654 1.59996 
2  0 0 0.66785 
2  1 0.9488 1.59996 
2  0 0 0.64716 
2  1 0.9982 1.6376 
2  1 0.92244 1.56066 
2  1 0.99955 1.6376 
2  1 0.9301 1.56658 
2  0 0 0.62772 
2  1 0.922 1.53538 
2  1 0.9603 1.56658 
2  1 0.99654 1.6005 
2  1 0.99733 1.59996 
2  1 0.9528 1.53538 
2  1 0.93563 1.5038 
2  1 0.93563 1.5038 
2  0 0 0.56597 
2  0 0 0.5649 
2  1 0.94116 1.5038 
2  1 0.9982 1.56066 
2  1 0.9452 1.5038 
2  0 0 0.54193 
2  1 0.97809 1.46879 
2  1 0.9823 1.46879 
2  1 0.9997 1.46879 
2  1 1 1.46879 
2  1 0.93592 1.29557 
2  1 0.83573 1.16965 
2  1 0.9978 1.29557 
2  1 0.97299 1.18909 
2  0 0 0.21046 
2  0 0 0.20602 
2  0 0 0.20586 
2  0 0 0.19672 
2  1 0.99126 1.1776 
2  0 0 0.18634 
2  1 0.97373 1.15846 
2  1 0.96685 1.1079 
2  1 0.95416 1.07424 
2  1 0.91269 1 
2  1 0.94331 1 
2  1 0.94844 1 
2  1 0.95107 1 
2  1 0.9526 1 
2  1 0.95597 1 
2  1 0.96336 0.9982 
2  1 0.96876 1 
2  1 0.97196 1 
2  1 0.97231 1 
2  2 1.60377 1.62201 
2  2 1.7389 1.7567 
2  1 0.98196 0.9982 
2  2 1.7306 1.74258 
2  2 1.759 1.77098 
2  3 1.84811 1.84899 
