2  0 0 inf 
2  0 0 0.9994 
2  0 0 0.99322 
2  0 0 0.99268 
2  0 0 0.99022 
2  0 0 0.98796 
2  0 0 0.98691 
2  0 0 0.9811 
2  0 0 0.97809 
2  0 0 0.97728 
2  0 0 0.9653 
2  0 0 0.96275 
2  0 0 0.96141 
2  0 0 0.95885 
2  0 0 0.95807 
2  0 0 0.94827 
2  0 0 0.94663 
2  0 0 0.9464 
2  0 0 0.94384 
2  0 0 0.9398 
2  0 0 0.93313 
2  0 0 0.93144 
2  0 0 0.9298 
2  0 0 0.92541 
2  0 0 0.92419 
2  0 0 0.9217 
2  0 0 0.91942 
2  0 0 0.91476 
2  0 0 0.91287 
2  0 0 0.9097 
2  0 0 0.90096 
2  0 0 0.9006 
2  0 0 0.89575 
2  0 0 0.88822 
2  0 0 0.88106 
2  0 0 0.87083 
2  0 0 0.8678 
2  0 0 0.86675 
2  0 0 0.86157 
2  0 0 0.85664 
2  0 0 0.85488 
2  0 0 0.8475 
2  0 0 0.84543 
2  0 0 0.83768 
2  0 0 0.8224 
2  0 0 0.81195 
2  0 0 0.80963 
2  1 0.9823 1.78926 
2  1 0.89973 1.70346 
2  0 0 0.79847 
2  0 0 0.79729 
2  0 0 0.79175 
2  1 0.92656 1.70336 
2  0 0 0.7768 
2  0 0 0.7763 
2  1 0.92519 1.69925 
2  1 0.92654 1.69256 
2  1 0.9603 1.70221 
2  1 0.9301 1.66008 
2  1 0.9729 1.70199 
2  1 0.99955 1.70005 
2  1 0.94325 1.63435 
2  1 0.9982 1.68278 
2  0 0 0.6825 
2  1 0.92285 1.6005 
2  1 0.9228 1.59446 
2  1 0.92433 1.59446 
2  0 0 0.66785 
2  1 0.9611 1.62895 
2  1 0.99268 1.66053 
2  1 0.98196 1.64895 
2  0 0 0.64716 
2  1 0.95281 1.59446 
2  0 0 0.62772 
2  1 0.93925 1.56658 
2  1 0.92309 1.54974 
2  1 0.926 1.53538 
2  0 0 0.6079 
2  1 0.9311 1.53538 
2  1 0.99654 1.59446 
2  0 0 0.56597 
2  0 0 0.5649 
2  1 0.9473 1.5038 
2  1 0.95333 1.5038 
2  1 0.9407 1.46278 
2  1 0.94331 1.41985 
2  1 0.91563 1.29557 
2  1 0.93643 1.29557 
2  1 0.93979 1.29557 
2  1 0.95047 1.29557 
2  1 0.9567 1.29557 
2  1 0.94795 1.27488 
2  1 0.97012 1.29557 
2  1 0.99125 1.29557 
2  1 0.9978 1.29557 
2  0 0 0.295 
2  0 0 0.21046 
2  0 0 0.20602 
2  0 0 0.20586 
2  0 0 0.19672 
2  0 0 0.18634 
2  1 0.82644 1.00433 
2  1 0.85875 1.0323 
2  1 0.8881 1.03691 
2  1 0.93592 1.07424 
2  1 0.91269 1.0323 
2  1 0.93238 1.0323 
2  1 0.90957 0.99761 
2  1 0.95107 1.0323 
2  1 0.92532 0.9997 
2  1 0.96399 1.0323 
2  1 0.96574 1.0323 
2  1 0.93563 0.9997 
2  1 0.96876 1.0323 
2  1 0.93565 0.9982 
2  1 0.97196 1.0323 
2  1 0.97231 1.0323 
2  1 0.86838 0.9238 
2  1 0.98428 1.0323 
2  2 1.70005 1.7419 
2  1 0.8825 0.9238 
2  1 0.96101 0.9982 
2  1 0.96106 0.9982 
2  1 0.96336 0.9982 
2  1 0.97173 0.9982 
2  2 1.70334 1.72578 
2  1 0.9026 0.9238 
2  1 0.9808 0.9997 
2  1 0.98321 0.9982 
2  1 0.98732 0.9982 
2  1 0.91327 0.9238 
2  1 0.8944 0.90202 
2  2 1.68278 1.68459 
2  2 1.70199 1.70334 
