2  0 0 inf 
2  0 0 0.9969 
2  0 0 0.9964 
2  0 0 0.9815 
2  0 0 0.97935 
2  0 0 0.97715 
2  0 0 0.97711 
2  0 0 0.97688 
2  0 0 0.97679 
2  0 0 0.97299 
2  0 0 0.97049 
2  0 0 0.9694 
2  0 0 0.96336 
2  0 0 0.95415 
2  1 0.98502 1.93201 
2  0 0 0.94699 
2  1 0.98315 1.93014 
2  1 0.98165 1.92864 
2  1 0.98418 1.93103 
2  0 0 0.94663 
2  0 0 0.9407 
2  1 0.98196 1.91751 
2  1 0.98247 1.91747 
2  1 0.9994 1.9321 
2  1 0.98511 1.91639 
2  0 0 0.922 
2  1 0.9446 1.86402 
2  0 0 0.91942 
2  0 0 0.90539 
2  0 0 0.90202 
2  0 0 0.89504 
2  0 0 0.8903 
2  0 0 0.88822 
2  0 0 0.8821 
2  0 0 0.8742 
2  1 0.9982 1.86402 
2  1 0.99955 1.86402 
2  0 0 0.85875 
2  0 0 0.85664 
2  0 0 0.8564 
2  1 0.92157 1.77797 
2  0 0 0.84953 
2  0 0 0.84543 
2  1 0.9452 1.77622 
2  1 0.9603 1.77606 
2  0 0 0.81371 
2  1 0.93563 1.74486 
2  1 0.92244 1.7306 
2  0 0 0.8076 
2  1 0.9982 1.80184 
2  0 0 0.79729 
2  0 0 0.7768 
2  1 0.9997 1.7306 
2  0 0 0.6969 
2  1 0.94331 1.64021 
2  0 0 0.64716 
2  1 0.97809 1.62015 
2  1 0.9823 1.62015 
2  1 0.9997 1.62015 
2  1 1 1.62015 
2  1 0.95511 1.52926 
2  1 0.9684 1.52926 
2  0 0 0.21046 
2  0 0 0.20602 
2  0 0 0.18634 
2  1 0.95107 1 
2  1 0.9526 1 
2  2 1.8853 1.91942 
2  1 0.97196 1 
2  2 1.9389 1.9428 
2  2 1.88997 1.89084 
2  2 1.88997 1.89084 
