2  0 0 inf 
2  0 0 0.99322 
2  0 0 0.99022 
2  0 0 0.98796 
2  0 0 0.9823 
2  0 0 0.97564 
2  0 0 0.9625 
2  0 0 0.96101 
2  0 0 0.94844 
2  0 0 0.9407 
2  0 0 0.92612 
2  0 0 0.92532 
2  0 0 0.92383 
2  0 0 0.9228 
2  0 0 0.92163 
2  0 0 0.9214 
2  0 0 0.91942 
2  0 0 0.9175 
2  0 0 0.91563 
2  0 0 0.9097 
2  0 0 0.90257 
2  0 0 0.88822 
2  1 0.9446 1.82199 
2  1 0.96886 1.84547 
2  0 0 0.8742 
2  1 0.9583 1.8287 
2  0 0 0.86675 
2  1 0.98272 1.84547 
2  1 0.98806 1.84547 
2  0 0 0.85664 
2  1 0.93592 1.79232 
2  0 0 0.8564 
2  1 0.9684 1.82421 
2  0 0 0.84953 
2  1 0.99647 1.84547 
2  0 0 0.84543 
2  1 0.9939 1.82773 
2  1 0.9449 1.7739 
2  1 0.92433 1.73775 
2  1 0.9982 1.7917 
2  1 0.9969 1.77387 
2  1 0.9311 1.70617 
2  0 0 0.687 
2  0 0 0.66785 
2  0 0 0.64716 
2  0 0 0.64431 
2  0 0 0.62772 
2  1 0.92309 1.54974 
2  1 0.95281 1.56856 
2  1 0.922 1.53538 
2  1 0.9603 1.56658 
2  1 0.9511 1.51391 
2  1 0.8284 1.29557 
2  1 0.87083 1.27203 
2  1 0.95597 1.29557 
2  1 0.9567 1.29557 
2  1 0.94795 1.27488 
2  1 0.96869 1.29557 
2  1 0.97012 1.29557 
2  1 0.99125 1.29557 
2  1 0.9978 1.29557 
2  0 0 0.18634 
2  1 0.92541 0.9997 
2  1 0.93414 0.9997 
2  2 1.81012 1.85342 
2  1 0.9628 0.9997 
2  2 1.75211 1.77387 
2  3 1.91602 1.9211 
2  2 1.76895 1.77387 
