2  0 0 inf 
2  0 0 0.9984 
2  0 0 0.99733 
2  0 0 0.99649 
2  1 0.9986 1.99509 
2  0 0 0.9964 
2  0 0 0.99075 
2  0 0 0.99022 
2  0 0 0.99 
2  0 0 0.98683 
2  0 0 0.97935 
2  0 0 0.97809 
2  0 0 0.97715 
2  0 0 0.97679 
2  0 0 0.97564 
2  0 0 0.97411 
2  1 0.99808 1.97218 
2  0 0 0.97049 
2  0 0 0.9653 
2  0 0 0.96336 
2  0 0 0.96126 
2  0 0 0.95511 
2  0 0 0.95415 
2  0 0 0.95281 
2  0 0 0.94699 
2  0 0 0.94384 
2  0 0 0.9407 
2  1 0.97934 1.91722 
2  0 0 0.93788 
2  1 0.98653 1.9211 
2  0 0 0.93313 
2  1 0.98502 1.91722 
2  1 0.98511 1.91722 
2  0 0 0.93189 
2  0 0 0.93175 
2  1 0.98315 1.91467 
2  0 0 0.9298 
2  0 0 0.92383 
2  0 0 0.9217 
2  0 0 0.9217 
2  0 0 0.9214 
2  0 0 0.91942 
2  1 0.99955 1.91722 
2  0 0 0.9175 
2  0 0 0.9175 
2  0 0 0.91563 
2  0 0 0.91269 
2  1 0.9511 1.86356 
2  0 0 0.90257 
2  0 0 0.8962 
2  0 0 0.89608 
2  1 0.922 1.81723 
2  0 0 0.89504 
2  0 0 0.88106 
2  0 0 0.8742 
2  1 0.9175 1.7917 
2  0 0 0.8678 
2  0 0 0.86157 
2  1 0.9329 1.7917 
2  0 0 0.85875 
2  0 0 0.85664 
2  0 0 0.8564 
2  1 0.9006 1.75013 
2  0 0 0.84953 
2  0 0 0.8475 
2  0 0 0.84543 
2  1 0.9135 1.7567 
2  0 0 0.83768 
2  0 0 0.8284 
2  1 0.92285 1.75013 
2  0 0 0.82644 
2  1 0.92577 1.75013 
2  0 0 0.8224 
2  0 0 0.81195 
2  0 0 0.8076 
2  1 0.89973 1.70346 
2  0 0 0.79847 
2  0 0 0.79175 
2  1 0.9653 1.75013 
2  1 0.9656 1.74525 
2  1 0.92612 1.70005 
2  1 0.97858 1.75013 
2  1 0.9823 1.75013 
2  1 0.99126 1.75013 
2  0 0 0.75763 
2  1 0.9969 1.75013 
2  1 0.9583 1.70005 
2  1 0.94325 1.68497 
2  1 0.9997 1.7306 
2  0 0 0.72044 
2  1 0.9414 1.66008 
2  1 0.9446 1.63435 
2  0 0 0.687 
2  0 0 0.6825 
2  1 0.9301 1.59996 
2  1 0.93925 1.6005 
2  1 0.9228 1.5828 
2  0 0 0.64716 
2  1 0.98306 1.62015 
2  1 0.92541 1.54974 
2  1 0.9528 1.56658 
2  1 0.9808 1.59446 
2  1 0.95333 1.56658 
2  0 0 0.6079 
2  1 0.9935 1.6005 
2  1 0.9603 1.56658 
2  1 0.99733 1.59996 
2  1 0.93592 1.5317 
2  1 0.97299 1.56658 
2  0 0 0.57365 
2  1 0.93563 1.5038 
2  1 0.90202 1.46665 
2  1 0.9982 1.56066 
2  1 0.9842 1.5296 
2  0 0 0.54193 
2  1 0.93643 1.37765 
2  1 0.92275 1.34952 
2  1 0.95597 1.37765 
2  1 0.9567 1.37765 
2  1 0.95416 1.36837 
2  1 0.97035 1.37765 
2  1 0.9811 1.37765 
2  1 0.83573 1.22893 
2  1 0.99125 1.37765 
2  1 0.9978 1.37765 
2  2 1.96065 2.31553 
2  0 0 0.295 
2  0 0 0.2612 
2  1 0.94795 1.18909 
2  1 0.82833 1.05967 
2  0 0 0.2308 
2  0 0 0.21046 
2  1 0.97373 1.18395 
2  0 0 0.20602 
2  1 0.98806 1.16113 
2  1 0.8881 1.03434 
2  1 0.90957 1.05295 
2  1 0.9526 1.08953 
2  1 0.96876 1.08953 
2  1 0.97774 1.08953 
2  1 0.97825 1.08953 
2  1 0.98428 1.08953 
2  1 0.9625 1.03434 
2  1 0.93563 0.9997 
2  1 0.9473 0.9997 
2  1 0.96913 1.01883 
2  1 0.8825 0.9238 
2  1 0.97439 1.01544 
2  2 1.997 2.02236 
2  2 1.79232 1.81012 
2  1 0.91327 0.9238 
2  2 1.70005 1.7105 
2  2 1.64963 1.66008 
2  3 1.79075 1.79185 
2  3 1.84485 1.84565 
2  2 1.8437 1.8445 
