2  0 0 inf 
2  0 0 0.99665 
2  0 0 0.99484 
2  0 0 0.99322 
2  0 0 0.99075 
2  0 0 0.99046 
2  0 0 0.98796 
2  0 0 0.98723 
2  0 0 0.98691 
2  0 0 0.98511 
2  0 0 0.98272 
2  0 0 0.9815 
2  0 0 0.9811 
2  0 0 0.97728 
2  0 0 0.97679 
2  0 0 0.97564 
2  1 0.99581 1.97048 
2  0 0 0.97012 
2  0 0 0.96385 
2  0 0 0.96141 
2  0 0 0.95807 
2  0 0 0.95511 
2  0 0 0.94827 
2  0 0 0.9464 
2  0 0 0.94015 
2  0 0 0.9398 
2  0 0 0.93565 
2  0 0 0.93313 
2  0 0 0.93189 
2  0 0 0.93175 
2  1 0.99774 1.92738 
2  0 0 0.92687 
2  1 0.9407 1.86682 
2  0 0 0.92612 
2  0 0 0.92419 
2  0 0 0.92254 
2  0 0 0.92163 
2  0 0 0.9214 
2  0 0 0.91942 
2  0 0 0.91476 
2  0 0 0.9026 
2  0 0 0.9026 
2  0 0 0.90096 
2  0 0 0.89504 
2  0 0 0.89337 
2  0 0 0.88822 
2  0 0 0.87558 
2  0 0 0.8742 
2  1 0.9808 1.85163 
2  0 0 0.87083 
2  0 0 0.86838 
2  0 0 0.8678 
2  0 0 0.86675 
2  0 0 0.86642 
2  0 0 0.85875 
2  0 0 0.85664 
2  0 0 0.84953 
2  1 0.91476 1.76146 
2  1 0.9135 1.74258 
2  1 0.94331 1.77098 
2  0 0 0.82644 
2  0 0 0.8076 
2  1 0.9564 1.76146 
2  0 0 0.79847 
2  1 0.98004 1.76146 
2  1 0.92285 1.70383 
2  0 0 0.7768 
2  1 0.92703 1.70383 
2  1 0.98555 1.76146 
2  1 0.9958 1.76146 
2  1 0.9994 1.76146 
2  1 0.94325 1.70292 
2  1 0.9446 1.70292 
2  1 0.91327 1.66685 
2  1 0.9935 1.70383 
2  1 0.9982 1.70292 
2  1 0.99955 1.70292 
2  0 0 0.687 
2  0 0 0.6825 
2  1 0.92309 1.59446 
2  1 0.99125 1.6591 
2  0 0 0.66785 
2  1 0.98196 1.64895 
2  0 0 0.64716 
2  1 0.9301 1.56658 
2  0 0 0.62772 
2  1 0.92433 1.54974 
2  1 0.92654 1.54974 
2  1 0.9603 1.56658 
2  1 0.99733 1.59996 
2  1 0.99647 1.59446 
2  1 0.9528 1.53538 
2  0 0 0.57365 
2  1 0.92541 1.4967 
2  0 0 0.56597 
2  0 0 0.5649 
2  1 0.9511 1.51391 
2  1 0.9982 1.56066 
2  0 0 0.54193 
2  1 0.94384 1.46134 
2  1 0.9997 1.46879 
2  1 1 1.46879 
2  1 0.8284 1.22893 
2  1 0.91563 1.29557 
2  1 0.93643 1.29557 
2  1 0.93979 1.29557 
2  1 0.95047 1.29557 
2  1 0.95416 1.29557 
2  1 0.9567 1.29557 
2  1 0.83573 1.16965 
2  1 0.96403 1.29557 
2  1 0.97231 1.29557 
2  1 0.97996 1.29557 
2  1 0.9978 1.29557 
2  0 0 0.295 
2  0 0 0.2612 
2  1 0.94795 1.18909 
2  1 0.82833 1.05967 
2  1 0.97299 1.18909 
2  1 0.97373 1.18395 
2  0 0 0.20602 
2  0 0 0.19672 
2  1 0.93592 1.12958 
2  0 0 0.18634 
2  1 0.93238 1.08953 
2  1 0.96685 1.1079 
2  1 0.9526 1.08953 
2  1 0.96399 1.08953 
2  1 0.97825 1.08953 
2  1 0.9625 1.03434 
2  2 1.8805 1.94617 
2  1 0.9473 0.9997 
2  1 0.95885 0.9982 
2  1 0.96106 0.9982 
2  1 0.9628 0.9997 
2  1 0.98321 0.9982 
2  1 0.98732 0.9982 
2  1 0.98835 0.9982 
2  1 0.99076 0.9982 
2  2 1.85342 1.85972 
2  1 0.9175 0.9238 
2  2 1.78588 1.7877 
