2  0 0 inf 
2  0 0 0.99647 
2  0 0 0.99046 
2  0 0 0.98796 
2  0 0 0.97858 
2  0 0 0.97715 
2  0 0 0.9749 
2  0 0 0.96275 
2  0 0 0.96141 
2  0 0 0.96126 
2  0 0 0.9587 
2  0 0 0.95281 
2  0 0 0.9464 
2  0 0 0.9452 
2  0 0 0.93997 
2  0 0 0.93416 
2  0 0 0.93313 
2  0 0 0.9329 
2  0 0 0.93144 
2  0 0 0.92687 
2  0 0 0.92648 
2  0 0 0.92419 
2  1 0.9808 1.8983 
2  0 0 0.9175 
2  0 0 0.9175 
2  0 0 0.91563 
2  0 0 0.91476 
2  0 0 0.9135 
2  1 0.94795 1.8587 
2  0 0 0.90096 
2  1 0.98691 1.88557 
2  0 0 0.86838 
2  0 0 0.86642 
2  0 0 0.85664 
2  1 0.99733 1.8504 
2  0 0 0.84543 
2  1 0.96426 1.7929 
2  1 0.99125 1.81965 
2  0 0 0.8284 
2  0 0 0.82833 
2  0 0 0.82644 
2  1 0.97711 1.7929 
2  1 0.9982 1.80184 
2  2 1.93361 2.71934 
2  0 0 0.687 
2  0 0 0.6825 
2  0 0 0.54193 
2  1 0.98311 1.46879 
2  1 0.92275 1.37025 
2  1 0.93643 1.37765 
2  1 0.93979 1.37765 
2  1 0.93592 1.36837 
2  1 0.95047 1.37765 
2  1 0.95597 1.37765 
2  1 0.9567 1.37765 
2  1 0.97012 1.37765 
2  1 0.97996 1.37765 
2  1 0.9811 1.37765 
2  1 0.83573 1.22893 
2  1 0.9978 1.37765 
2  0 0 0.21046 
2  0 0 0.20602 
2  0 0 0.20586 
2  1 0.96385 1.16002 
2  1 0.95416 1.07424 
2  1 0.8944 1 
2  1 0.93238 1 
2  1 0.95885 0.9982 
2  1 0.96101 0.9982 
2  1 0.96399 1 
2  1 0.97774 1 
2  1 0.98196 0.9982 
