2  0 0 inf 
2  0 0 0.99484 
2  0 0 0.99322 
2  0 0 0.98796 
2  0 0 0.98691 
2  0 0 0.98511 
2  0 0 0.98272 
2  0 0 0.97728 
2  0 0 0.97564 
2  1 0.99581 1.97048 
2  0 0 0.97206 
2  0 0 0.97012 
2  0 0 0.96141 
2  0 0 0.95807 
2  0 0 0.9407 
2  0 0 0.93997 
2  0 0 0.9398 
2  1 0.9446 1.88401 
2  0 0 0.93565 
2  0 0 0.93313 
2  0 0 0.93175 
2  0 0 0.92654 
2  0 0 0.92541 
2  0 0 0.91942 
2  0 0 0.9154 
2  0 0 0.9026 
2  0 0 0.9026 
2  0 0 0.90096 
2  0 0 0.89575 
2  0 0 0.87083 
2  1 0.9808 1.85163 
2  0 0 0.86838 
2  1 0.9175 1.78588 
2  0 0 0.86675 
2  1 0.9982 1.86402 
2  1 0.9994 1.86402 
2  0 0 0.84953 
2  0 0 0.83573 
2  1 0.94331 1.77098 
2  0 0 0.8076 
2  0 0 0.8038 
2  0 0 0.79847 
2  0 0 0.7953 
2  1 0.92309 1.69989 
2  0 0 0.7768 
2  1 0.92433 1.69989 
2  1 0.9511 1.70221 
2  1 0.9603 1.69989 
2  0 0 0.72044 
2  1 0.99733 1.70334 
2  1 0.99647 1.69989 
2  0 0 0.6825 
2  0 0 0.657 
2  0 0 0.57365 
2  0 0 0.5649 
2  0 0 0.54193 
2  1 0.96403 1.37765 
2  1 0.9978 1.37765 
2  0 0 0.295 
2  0 0 0.2612 
2  1 0.82833 1.05967 
2  1 0.85875 1.08953 
2  0 0 0.20602 
2  0 0 0.19672 
2  0 0 0.18634 
2  1 0.93238 1.08953 
2  2 1.78833 1.93906 
2  1 0.9526 1.08953 
2  1 0.96399 1.08953 
2  2 1.8853 2.00894 
2  1 0.97825 1.08953 
2  1 0.981 1.08953 
2  1 0.9625 1.03434 
2  1 0.97439 1.01544 
2  1 0.95885 0.9982 
2  1 0.96106 0.9982 
2  1 0.9628 0.9997 
2  2 1.95092 1.96792 
2  1 0.98321 0.9982 
2  1 0.98732 0.9982 
2  1 0.98835 0.9982 
