2  0 0 inf 
2  0 0 0.99774 
2  0 0 0.9969 
2  0 0 0.9939 
2  0 0 0.99022 
2  0 0 0.98835 
2  0 0 0.98272 
2  0 0 0.98165 
2  1 0.98511 1.96503 
2  0 0 0.97679 
2  0 0 0.96399 
2  0 0 0.96275 
2  0 0 0.95807 
2  0 0 0.94827 
2  1 0.98315 1.92992 
2  0 0 0.9464 
2  0 0 0.94384 
2  1 0.9938 1.9358 
2  0 0 0.93565 
2  0 0 0.93416 
2  0 0 0.93313 
2  0 0 0.93292 
2  1 0.93682 1.86693 
2  0 0 0.9301 
2  0 0 0.92654 
2  1 0.92703 1.85357 
2  0 0 0.92577 
2  0 0 0.92419 
2  0 0 0.92285 
2  0 0 0.9217 
2  0 0 0.91563 
2  0 0 0.89504 
2  0 0 0.88822 
2  1 0.9823 1.86996 
2  1 0.9958 1.87734 
2  1 1 1.87734 
2  0 0 0.86642 
2  0 0 0.84953 
2  0 0 0.84634 
2  0 0 0.84543 
2  0 0 0.83768 
2  1 0.9567 1.79243 
2  0 0 0.83573 
2  0 0 0.81371 
2  1 0.9564 1.76146 
2  1 0.96426 1.76146 
2  1 0.98555 1.76146 
2  0 0 0.72264 
2  2 1.9897 2.69539 
2  1 0.98245 1.65914 
2  1 0.9488 1.59996 
2  0 0 0.64716 
2  1 0.9528 1.59996 
2  0 0 0.6079 
2  1 0.99733 1.59996 
2  2 1.9366 2.53015 
2  2 1.87534 2.45823 
2  0 0 0.57365 
2  0 0 0.5649 
2  0 0 0.54193 
2  1 0.93643 1.37765 
2  1 0.95047 1.37765 
2  1 0.95597 1.37765 
2  1 0.96403 1.37765 
2  1 0.97996 1.37765 
2  1 0.99125 1.37765 
2  1 0.94795 1.18909 
2  0 0 0.21046 
2  1 0.99126 1.1776 
2  0 0 0.18634 
2  1 0.9656 1.15194 
2  1 0.9842 1.17054 
2  2 1.9522 2.06383 
2  2 1.95414 1.99354 
2  1 0.96886 1 
2  1 0.97231 1 
2  1 0.97173 0.9982 
2  1 0.981 1 
2  2 1.87326 1.88572 
2  1 0.99046 0.9982 
2  2 1.9897 1.99354 
