2  0 0 inf 
2  0 0 0.97301 
2  0 0 0.96141 
2  0 0 0.93144 
2  0 0 0.9217 
2  0 0 0.91476 
2  1 0.98321 1.89466 
2  0 0 0.90096 
2  0 0 0.88663 
2  0 0 0.86838 
2  0 0 0.86675 
2  0 0 0.8076 
2  0 0 0.8038 
2  0 0 0.79847 
2  0 0 0.79729 
2  0 0 0.6825 
2  0 0 0.66785 
2  0 0 0.62772 
2  0 0 0.6079 
2  0 0 0.5649 
2  0 0 0.54193 
2  1 0.93592 1.29557 
2  1 0.93979 1.29557 
2  1 0.83573 1.16965 
2  0 0 0.295 
2  0 0 0.20586 
2  0 0 0.19672 
2  1 0.97373 1.15846 
2  1 0.82644 1.00433 
2  1 0.85875 1.0323 
2  1 0.95416 1.07424 
2  1 0.91269 1.0323 
2  1 0.93238 1.0323 
2  1 0.93522 1.0323 
2  1 0.9526 1.0323 
2  1 0.96399 1.0323 
2  1 0.9922 1.0323 
2  1 0.8944 0.90202 
