2  0 0 inf 
2  0 0 0.99022 
2  0 0 0.98796 
2  0 0 0.9824 
2  0 0 0.9823 
2  0 0 0.97715 
2  0 0 0.96385 
2  0 0 0.94331 
2  0 0 0.92419 
2  0 0 0.91563 
2  0 0 0.91476 
2  0 0 0.8881 
2  0 0 0.88663 
2  0 0 0.86838 
2  0 0 0.82644 
2  0 0 0.79729 
2  1 0.98247 1.7529 
2  1 0.98311 1.7529 
2  1 0.99073 1.7529 
2  0 0 0.75763 
2  0 0 0.72044 
2  0 0 0.6825 
2  0 0 0.64716 
2  0 0 0.6079 
2  0 0 0.56597 
2  0 0 0.5649 
2  1 0.97231 1.53282 
2  1 0.9811 1.53282 
2  1 0.99125 1.53282 
2  1 0.93979 1.48074 
2  1 0.95047 1.49016 
2  1 0.94795 1.39242 
2  1 0.96685 1.21313 
2  0 0 0.20586 
2  0 0 0.18634 
2  1 0.85875 1 
2  1 0.93592 1.07424 
2  1 0.8944 1 
2  1 0.93522 1 
2  1 0.9583 1 
2  1 0.97439 1 
