2  0 0 inf 
2  0 0 inf 
2  0 0 inf 
2  0 0 inf 
2  0 0 inf 
2  0 0 inf 
2  0 0 inf 
2  0 0 inf 
2  0 0 inf 
2  0 0 inf 
2  0 0 inf 
2  0 0 inf 
2  0 0 inf 
2  0 0 inf 
2  0 0 inf 
2  0 0 inf 
2  0 0 inf 
2  0 0 inf 
2  0 0 inf 
2  0 0 inf 
2  0 0 inf 
2  0 0 inf 
2  0 0 inf 
2  0 0 inf 
2  0 0 inf 
2  0 0 inf 
2  0 0 inf 
2  0 0 inf 
2  0 0 inf 
2  0 0 inf 
2  0 0 inf 
2  0 0 inf 
2  0 0 inf 
2  0 0 inf 
2  0 0 inf 
2  0 0 inf 
2  0 0 inf 
2  0 0 inf 
2  0 0 inf 
2  0 0 inf 
2  0 0 inf 
2  0 0 inf 
2  0 0 inf 
2  0 0 inf 
2  0 0 inf 
2  0 0 inf 
2  0 0 inf 
2  0 0 inf 
2  0 0 inf 
2  0 0 inf 
2  0 0 inf 
2  0 0 inf 
2  0 0 inf 
2  0 0 inf 
2  0 0 inf 
2  0 0 inf 
2  0 0 inf 
2  0 0 inf 
2  0 0 inf 
2  0 0 inf 
2  0 0 inf 
2  0 0 inf 
2  0 0 inf 
2  0 0 inf 
2  0 0 inf 
2  0 0 inf 
2  0 0 inf 
2  0 0 inf 
2  0 0 inf 
2  0 0 inf 
2  0 0 inf 
2  0 0 inf 
2  0 0 inf 
2  0 0 inf 
2  0 0 inf 
2  0 0 inf 
2  0 0 inf 
2  0 0 inf 
2  0 0 inf 
2  0 0 inf 
2  0 0 inf 
2  0 0 inf 
2  0 0 inf 
2  0 0 inf 
2  0 0 inf 
2  0 0 inf 
2  0 0 inf 
2  0 0 inf 
2  0 0 inf 
2  0 0 inf 
2  0 0 inf 
2  0 0 inf 
2  0 0 inf 
2  0 0 inf 
2  0 0 inf 
2  0 0 inf 
2  0 0 inf 
2  0 0 inf 
2  0 0 inf 
2  0 0 inf 
2  0 0 inf 
2  0 0 inf 
2  0 0 inf 
2  0 0 inf 
2  0 0 inf 
2  0 0 inf 
2  0 0 inf 
2  0 0 inf 
2  0 0 inf 
2  0 0 inf 
2  0 0 inf 
2  0 0 inf 
2  0 0 inf 
2  0 0 inf 
2  0 0 inf 
2  0 0 inf 
2  0 0 inf 
2  0 0 inf 
2  0 0 inf 
2  0 0 inf 
2  0 0 inf 
2  0 0 inf 
2  0 0 inf 
2  0 0 inf 
2  0 0 inf 
2  0 0 inf 
2  0 0 inf 
2  0 0 inf 
2  0 0 inf 
2  0 0 inf 
2  0 0 inf 
2  0 0 inf 
2  0 0 inf 
2  0 0 inf 
2  0 0 inf 
2  0 0 inf 
2  0 0 inf 
2  0 0 inf 
2  0 0 inf 
2  0 0 inf 
2  0 0 inf 
2  0 0 inf 
2  0 0 inf 
2  0 0 inf 
2  0 0 inf 
2  0 0 inf 
2  0 0 inf 
2  0 0 inf 
2  0 0 inf 
2  0 0 inf 
2  0 0 inf 
2  0 0 inf 
2  0 0 inf 
2  0 0 inf 
2  0 0 inf 
2  0 0 inf 
2  0 0 inf 
2  0 0 inf 
2  0 0 inf 
2  0 0 inf 
2  0 0 inf 
2  0 0 inf 
2  0 0 inf 
2  0 0 inf 
2  0 0 inf 
2  0 0 inf 
2  0 0 inf 
2  0 0 inf 
2  0 0 4 
2  0 0 1.40572 
2  0 0 1.31445 
2  0 0 1.30429 
2  0 0 1.20286 
2  0 0 1.19094 
2  0 0 1.10143 
2  0 0 1.10143 
2  0 0 1.08987 
2  0 0 1.071 
2  0 0 1.0639 
2  0 0 1.03043 
2  0 0 1.03043 
2  0 0 1.02637 
2  0 0 1.02029 
2  0 0 1.01359 
2  0 0 1.01217 
2  0 0 1.01014 
2  0 0 1.00955 
2  0 0 1.00507 
2  0 0 1.00057 
2  0 0 1.00024 
2  0 0 1.00024 
2  0 0 1.00024 
2  0 0 1.00024 
2  0 0 1.00012 
2  0 0 1.00012 
2  0 0 1.00012 
2  0 0 1.00012 
2  0 0 1.00012 
2  0 0 1.00012 
2  0 0 1.00012 
2  0 0 1.00012 
2  0 0 1.00012 
2  0 0 1.00012 
2  0 0 1.00012 
2  0 0 1.00012 
2  0 0 1.00012 
2  0 0 1.00012 
2  0 0 1.00012 
2  0 0 1.00012 
2  0 0 1.00012 
2  0 0 1.00012 
2  0 0 1.00012 
2  0 0 1.00012 
2  0 0 1.00012 
2  0 0 1.00012 
2  0 0 1.00012 
2  0 0 1.00012 
2  0 0 1.00012 
2  0 0 1.00012 
2  0 0 1.00012 
2  0 0 1.00012 
2  0 0 1.00012 
2  0 0 1.00012 
2  0 0 1.00012 
2  0 0 1.00012 
2  0 0 1.00012 
2  0 0 1.00012 
2  0 0 1.00012 
2  0 0 1.00012 
2  0 0 1.00012 
2  0 0 1.00012 
2  0 0 1.00012 
2  0 0 1.00012 
2  0 0 1.00012 
2  0 0 1.00012 
2  0 0 1.00012 
2  0 0 1.00012 
2  0 0 1.00012 
2  0 0 1.00012 
2  0 0 1.00012 
2  0 0 1.00012 
2  0 0 1.00012 
2  0 0 1.00012 
2  0 0 1.00012 
2  0 0 1.00012 
2  0 0 1.00012 
2  0 0 1.00012 
2  0 0 1.00012 
2  0 0 1.00012 
2  0 0 1.00012 
2  0 0 1.00012 
2  0 0 1.00012 
2  0 0 1.00012 
2  0 0 1.00012 
2  0 0 1.00012 
2  0 0 1.00012 
2  0 0 1.00012 
2  0 0 1.00012 
2  0 0 1.00012 
2  0 0 1.00012 
2  0 0 1.00012 
2  0 0 1.00012 
2  0 0 1.00012 
2  0 0 1.00012 
2  0 0 1.00012 
2  0 0 1.00012 
2  0 0 1.00012 
2  0 0 1.00012 
2  0 0 1.00012 
2  0 0 1.00012 
2  0 0 1.00012 
2  0 0 1.00012 
2  0 0 1.00012 
2  0 0 1.00012 
2  0 0 1.00012 
2  0 0 1.00012 
2  0 0 1.00012 
2  0 0 1.00012 
2  0 0 1.00012 
2  0 0 1.00012 
2  0 0 1.00012 
2  0 0 1.00012 
2  0 0 1.00012 
2  0 0 1.00012 
2  0 0 1.00012 
2  0 0 1.00012 
2  0 0 1.00012 
2  0 0 1.00012 
2  0 0 1.00012 
2  0 0 1.00012 
2  0 0 1.00012 
2  0 0 1.00012 
2  0 0 1.00012 
2  0 0 1.00012 
2  0 0 1.00012 
2  0 0 1.00012 
2  0 0 1.00012 
2  0 0 1.00012 
2  0 0 1.00012 
2  0 0 1.00012 
2  0 0 1.00012 
2  0 0 1.00012 
2  0 0 1.00012 
2  0 0 1.00012 
2  0 0 1.00012 
2  0 0 1.00012 
2  0 0 1.00012 
2  0 0 1.00012 
2  0 0 1.00012 
2  0 0 1.00012 
2  0 0 1.00012 
2  0 0 1.0001 
2  0 0 1.00009 
2  0 0 1.00007 
2  0 0 1.00006 
2  0 0 1.00006 
2  0 0 1.00006 
2  0 0 1.00006 
2  0 0 1.00006 
2  0 0 1.00006 
2  0 0 1.00006 
2  0 0 1.00006 
2  0 0 1.00006 
2  0 0 1.00006 
2  0 0 1.00006 
2  0 0 1.00006 
2  0 0 1.00006 
2  0 0 1.00005 
2  0 0 1.00005 
2  0 0 1.00005 
2  0 0 1.00004 
2  0 0 1.00004 
2  0 0 1.00004 
2  0 0 1.00004 
2  0 0 1.00004 
2  0 0 1.00003 
2  0 0 1.00003 
2  0 0 1.00003 
2  0 0 1.00002 
2  0 0 1.00002 
2  0 0 1.00002 
2  0 0 1.00002 
2  0 0 1.00002 
2  0 0 1.00002 
2  0 0 1.00002 
2  0 0 1.00002 
2  0 0 1.00002 
2  0 0 1.00002 
2  0 0 1.00002 
2  0 0 1.00002 
2  0 0 1.00002 
2  0 0 1.00002 
2  0 0 1.00002 
2  0 0 1.00002 
2  0 0 1.00002 
2  0 0 1.00002 
2  0 0 1.00001 
2  0 0 1.00001 
2  0 0 1.00001 
2  0 0 1.00001 
2  0 0 1.00001 
2  0 0 1 
2  0 0 1 
2  0 0 1 
2  0 0 1 
2  0 0 1 
2  0 0 1 
2  0 0 1 
2  0 0 1 
2  0 0 1 
2  0 0 1 
2  0 0 1 
2  0 0 1 
2  0 0 1 
2  0 0 1 
2  0 0 1 
